,전국,전국,전국,전국,01수도권,01수도권,01수도권,01수도권,02충청권,02충청권,02충청권,02충청권,03호남권,03호남권,03호남권,03호남권,04경북권,04경북권,04경북권,04경북권,05경남권,05경남권,05경남권,05경남권,06강원,06강원,06강원,06강원,07제주,07제주,07제주,07제주,비수도권,비수도권,비수도권,비수도권
접종일,1차,2차,3차,4차,1차,2차,3차,4차,1차,2차,3차,4차,1차,2차,3차,4차,1차,2차,3차,4차,1차,2차,3차,4차,1차,2차,3차,4차,1차,2차,3차,4차,1차,2차,3차,4차
2021-02-26,38644,11000,1,0,19479,5545,0,0,4174,1188,0,0,3864,1101,0,0,3695,1050,0,0,5768,1641,0,0,1156,329,0,0,505,144,0,0,19164,5454,0,0
2021-02-27,1744,212,0,0,879,106,0,0,188,22,0,0,174,21,0,0,166,20,0,0,260,31,0,0,52,6,0,0,22,2,0,0,864,105,0,0
2021-02-28,1030,101,0,0,519,50,0,0,111,10,0,0,103,10,0,0,98,9,0,0,153,15,0,0,30,3,0,0,13,1,0,0,510,50,0,0
2021-03-01,1934,255,0,0,974,128,0,0,208,27,0,0,193,25,0,0,184,24,0,0,288,38,0,0,57,7,0,0,25,3,0,0,959,126,0,0
2021-03-02,66228,289,1,0,33384,145,0,0,7153,31,0,0,6622,28,0,0,6332,27,0,0,9885,43,0,0,1981,8,0,0,867,3,0,0,32843,143,0,0
2021-03-03,69385,295,0,0,34976,148,0,0,7494,31,0,0,6938,29,0,0,6634,28,0,0,10356,44,0,0,2076,8,0,0,908,3,0,0,34408,146,0,0
2021-03-04,70701,507,0,0,35639,255,0,0,7636,54,0,0,7070,50,0,0,6760,48,0,0,10553,75,0,0,2115,15,0,0,925,6,0,0,35061,251,0,0
2021-03-05,71159,409,0,0,35870,206,0,0,7686,44,0,0,7115,40,0,0,6803,39,0,0,10621,61,0,0,2129,12,0,0,931,5,0,0,35288,202,0,0
2021-03-06,18466,157,0,0,9308,79,0,0,1994,16,0,0,1846,15,0,0,1765,14,0,0,2756,23,0,0,552,4,0,0,241,2,0,0,9157,77,0,0
2021-03-07,2428,96,0,0,1223,48,0,0,262,10,0,0,242,9,0,0,232,9,0,0,362,14,0,0,72,2,0,0,31,1,0,0,1204,47,0,0
2021-03-08,68102,260,0,0,34329,131,0,0,7356,28,0,0,6810,26,0,0,6511,24,0,0,10165,38,0,0,2037,7,0,0,891,3,0,0,33772,128,0,0
2021-03-09,64266,462,0,0,32395,232,0,0,6941,49,0,0,6426,46,0,0,6144,44,0,0,9592,68,0,0,1923,13,0,0,841,6,0,0,31870,229,0,0
2021-03-10,55016,569,0,0,27732,286,0,0,5942,61,0,0,5501,56,0,0,5260,54,0,0,8211,84,0,0,1646,17,0,0,720,7,0,0,27283,282,0,0
2021-03-11,45434,655,0,0,22902,330,0,0,4907,70,0,0,4543,65,0,0,4344,62,0,0,6781,97,0,0,1359,19,0,0,594,8,0,0,22531,324,0,0
2021-03-12,39191,582,0,0,19755,293,0,0,4233,62,0,0,3919,58,0,0,3747,55,0,0,5849,86,0,0,1172,17,0,0,513,7,0,0,19435,288,0,0
2021-03-13,4484,204,0,0,2260,102,0,0,484,22,0,0,448,20,0,0,428,19,0,0,669,30,0,0,134,6,0,0,58,2,0,0,2223,101,0,0
2021-03-14,1796,134,0,0,905,67,0,0,193,14,0,0,179,13,0,0,171,12,0,0,268,19,0,0,53,4,0,0,23,1,0,0,890,66,0,0
2021-03-15,14176,1168,0,0,7145,588,0,0,1531,126,0,0,1417,116,0,0,1355,111,0,0,2115,174,0,0,424,34,0,0,185,15,0,0,7030,579,0,0
2021-03-16,20508,1032,0,0,10337,520,0,0,2215,111,0,0,2050,103,0,0,1960,98,0,0,3061,153,0,0,613,30,0,0,268,13,0,0,10170,511,0,0
2021-03-17,21407,913,0,0,10790,460,0,0,2312,98,0,0,2140,91,0,0,2046,87,0,0,3195,136,0,0,640,27,0,0,280,11,0,0,10616,452,0,0
2021-03-18,20756,887,0,0,10462,447,0,0,2241,95,0,0,2075,88,0,0,1984,84,0,0,3098,132,0,0,621,26,0,0,271,11,0,0,10293,439,0,0
2021-03-19,18551,1001,0,0,9351,504,0,0,2003,108,0,0,1855,100,0,0,1773,95,0,0,2768,149,0,0,555,29,0,0,242,13,0,0,9199,496,0,0
2021-03-20,1980,537,0,0,998,270,0,0,213,58,0,0,198,53,0,0,189,51,0,0,295,80,0,0,59,16,0,0,25,7,0,0,981,266,0,0
2021-03-21,816,446,0,0,411,224,0,0,88,48,0,0,81,44,0,0,78,42,0,0,121,66,0,0,24,13,0,0,10,5,0,0,404,221,0,0
2021-03-22,4887,758,0,0,2463,382,0,0,527,81,0,0,488,75,0,0,467,72,0,0,729,113,0,0,146,22,0,0,63,9,0,0,2423,375,0,0
2021-03-23,21594,1299,0,0,10885,654,0,0,2332,140,0,0,2159,130,0,0,2064,124,0,0,3223,193,0,0,646,38,0,0,282,17,0,0,10708,644,0,0
2021-03-24,29416,1621,0,0,14828,817,0,0,3177,175,0,0,2941,162,0,0,2812,154,0,0,4390,241,0,0,880,48,0,0,385,21,0,0,14587,803,0,0
2021-03-25,33844,1957,0,0,17060,986,0,0,3655,211,0,0,3384,195,0,0,3236,186,0,0,5051,291,0,0,1012,58,0,0,443,25,0,0,16783,970,0,0
2021-03-26,25802,2110,0,0,13006,1063,0,0,2787,227,0,0,2580,211,0,0,2467,201,0,0,3851,314,0,0,772,63,0,0,337,27,0,0,12795,1046,0,0
2021-03-27,2484,388,0,0,1252,195,0,0,268,41,0,0,248,38,0,0,237,37,0,0,370,57,0,0,74,11,0,0,32,5,0,0,1231,192,0,0
2021-03-28,865,254,0,0,436,128,0,0,93,27,0,0,86,25,0,0,82,24,0,0,129,37,0,0,25,7,0,0,11,3,0,0,428,125,0,0
2021-03-29,26779,1446,0,0,13498,728,0,0,2892,156,0,0,2677,144,0,0,2560,138,0,0,3997,215,0,0,801,43,0,0,350,18,0,0,13280,717,0,0
2021-03-30,28811,2760,0,0,14523,1391,0,0,3112,298,0,0,2881,276,0,0,2754,263,0,0,4300,411,0,0,862,82,0,0,377,36,0,0,14287,1368,0,0
2021-03-31,23953,5433,0,0,12074,2738,0,0,2587,586,0,0,2395,543,0,0,2290,518,0,0,3575,810,0,0,716,162,0,0,313,71,0,0,11878,2694,0,0
2021-04-01,38106,8028,0,0,19208,4046,0,0,4116,867,0,0,3810,803,0,0,3643,766,0,0,5687,1197,0,0,1140,240,0,0,498,105,0,0,18897,3981,0,0
2021-04-02,40755,7704,0,0,20544,3883,0,0,4402,832,0,0,4075,771,0,0,3896,735,0,0,6083,1149,0,0,1219,230,0,0,533,100,0,0,20210,3820,0,0
2021-04-03,9631,976,0,0,4854,492,0,0,1040,105,0,0,963,97,0,0,920,93,0,0,1437,145,0,0,288,29,0,0,126,12,0,0,4776,483,0,0
2021-04-04,1263,300,1,0,636,151,0,0,136,32,0,0,126,30,0,0,120,28,0,0,188,44,0,0,37,8,0,0,16,3,0,0,626,148,0,0
2021-04-05,38024,1770,0,0,19167,892,0,0,4107,191,0,0,3802,177,0,0,3635,169,0,0,5675,264,0,0,1137,53,0,0,497,23,0,0,18856,877,0,0
2021-04-06,40084,7535,0,0,20205,3798,0,0,4329,814,0,0,4008,754,0,0,3832,719,0,0,5983,1124,0,0,1199,225,0,0,524,98,0,0,19878,3736,0,0
2021-04-07,39643,11285,0,0,19983,5688,0,0,4282,1219,0,0,3964,1129,0,0,3790,1077,0,0,5917,1683,0,0,1186,338,0,0,518,147,0,0,19659,5596,0,0
2021-04-08,39559,11975,0,0,19941,6036,0,0,4272,1293,0,0,3955,1198,0,0,3782,1143,0,0,5904,1786,0,0,1183,358,0,0,517,156,0,0,19617,5938,0,0
2021-04-09,36513,9888,0,0,18405,4984,0,0,3943,1068,0,0,3651,989,0,0,3491,944,0,0,5450,1475,0,0,1092,296,0,0,478,129,0,0,18107,4903,0,0
2021-04-10,10645,2309,1,0,5366,1163,0,0,1149,249,0,0,1064,231,0,0,1017,220,0,0,1588,344,0,0,318,69,0,0,139,30,0,0,5278,1145,0,0
2021-04-11,1250,486,0,0,630,244,0,0,135,52,0,0,125,48,0,0,119,46,0,0,186,72,0,0,37,14,0,0,16,6,0,0,619,241,0,0
2021-04-12,40664,2491,0,0,20498,1255,0,0,4392,269,0,0,4066,249,0,0,3888,237,0,0,6069,371,0,0,1216,74,0,0,532,32,0,0,20165,1235,0,0
2021-04-13,46096,1817,0,0,23236,915,0,0,4979,196,0,0,4609,181,0,0,4407,173,0,0,6880,271,0,0,1379,54,0,0,603,23,0,0,22859,901,0,0
2021-04-14,47241,1011,0,0,23813,509,0,0,5102,109,0,0,4724,101,0,0,4517,96,0,0,7051,150,0,0,1413,30,0,0,618,13,0,0,23427,501,0,0
2021-04-15,94193,954,0,0,47481,480,0,0,10174,103,0,0,9419,95,0,0,9006,91,0,0,14059,142,0,0,2818,28,0,0,1233,12,0,0,46711,473,0,0
2021-04-16,104148,1326,0,0,52499,668,0,0,11249,143,0,0,10414,132,0,0,9958,126,0,0,15545,197,0,0,3116,39,0,0,1363,17,0,0,51648,657,0,0
2021-04-17,30494,708,0,0,15371,356,0,0,3293,76,0,0,3049,70,0,0,2915,67,0,0,4551,105,0,0,912,21,0,0,399,9,0,0,15122,351,0,0
2021-04-18,5654,438,0,0,2850,220,0,0,610,47,0,0,565,43,0,0,540,41,0,0,843,65,0,0,169,13,0,0,74,5,0,0,2803,217,0,0
2021-04-19,123153,917,0,0,62079,462,0,0,13302,99,0,0,12315,91,0,0,11775,87,0,0,18382,136,0,0,3685,27,0,0,1612,12,0,0,61073,454,0,0
2021-04-20,131603,1191,0,0,66339,600,0,0,14215,128,0,0,13160,119,0,0,12583,113,0,0,19643,177,0,0,3938,35,0,0,1722,15,0,0,65263,590,0,0
2021-04-21,133366,1468,0,0,67228,740,0,0,14405,158,0,0,13336,146,0,0,12752,140,0,0,19906,219,0,0,3990,43,0,0,1745,19,0,0,66137,727,0,0
2021-04-22,132684,19740,0,0,66884,9951,0,0,14331,2132,0,0,13268,1975,0,0,12686,1885,0,0,19804,2945,0,0,3970,591,0,0,1737,258,0,0,65799,9788,0,0
2021-04-23,160788,20774,0,0,81051,10472,0,0,17367,2244,0,0,16078,2079,0,0,15374,1983,0,0,23999,3099,0,0,4811,622,0,0,2104,271,0,0,79736,10301,0,0
2021-04-24,65964,6684,0,0,33251,3369,0,0,7125,722,0,0,6596,669,0,0,6307,638,0,0,9846,997,0,0,1973,200,0,0,863,87,0,0,32712,3314,0,0
2021-04-25,7207,957,0,0,3632,482,0,0,778,103,0,0,720,95,0,0,689,91,0,0,1075,142,0,0,215,28,0,0,94,12,0,0,3574,474,0,0
2021-04-26,143043,22521,0,0,72106,11352,0,0,15450,2433,0,0,14304,2254,0,0,13677,2150,0,0,21351,3360,0,0,4280,674,0,0,1872,294,0,0,70936,11168,0,0
2021-04-27,177084,22999,0,0,89265,11593,0,0,19127,2484,0,0,17708,2302,0,0,16932,2196,0,0,26432,3431,0,0,5299,689,0,0,2318,301,0,0,87818,11405,0,0
2021-04-28,231892,21836,0,0,116893,11007,0,0,25047,2359,0,0,23189,2185,0,0,22172,2085,0,0,34613,3258,0,0,6939,654,0,0,3035,285,0,0,114998,10828,0,0
2021-04-29,261913,31380,0,0,132026,15818,0,0,28290,3390,0,0,26191,3140,0,0,25043,2996,0,0,39094,4682,0,0,7837,940,0,0,3428,410,0,0,129886,15561,0,0
2021-04-30,278188,32133,1,0,140230,16198,0,0,30048,3471,0,0,27818,3216,0,0,26599,3068,0,0,41523,4794,0,0,8324,962,0,0,3641,420,0,0,137957,15934,0,0
2021-05-01,41151,8875,0,0,20743,4473,0,0,4444,958,0,0,4115,888,0,0,3934,847,0,0,6142,1324,0,0,1231,265,0,0,538,116,0,0,20407,4401,0,0
2021-05-02,2474,1281,0,0,1247,645,0,0,267,138,0,0,247,128,0,0,236,122,0,0,369,191,0,0,74,38,0,0,32,16,0,0,1226,635,0,0
2021-05-03,87515,32293,0,0,44115,16279,0,0,9452,3488,0,0,8751,3232,0,0,8367,3084,0,0,13062,4818,0,0,2618,967,0,0,1145,422,0,0,43399,16013,0,0
2021-05-04,76485,32933,0,0,38555,16601,0,0,8261,3557,0,0,7648,3296,0,0,7313,3145,0,0,11416,4913,0,0,2288,986,0,0,1001,431,0,0,37929,16331,0,0
2021-05-05,7132,26598,1,0,3595,13408,0,0,770,2873,0,0,713,2662,0,0,681,2540,0,0,1064,3968,0,0,213,796,0,0,93,348,0,0,3536,13189,0,0
2021-05-06,59595,74795,0,0,30041,37704,0,0,6437,8080,0,0,5959,7486,0,0,5698,7143,0,0,8895,11159,0,0,1783,2241,0,0,780,979,0,0,29553,37090,0,0
2021-05-07,49963,78407,0,0,25185,39525,0,0,5396,8470,0,0,4996,7848,0,0,4777,7488,0,0,7457,11698,0,0,1495,2349,0,0,654,1026,0,0,24777,38881,0,0
2021-05-08,13668,28771,0,0,6889,14503,0,0,1476,3108,0,0,1366,2879,0,0,1306,2747,0,0,2040,4292,0,0,409,862,0,0,178,376,0,0,6778,14267,0,0
2021-05-09,1001,5566,0,0,504,2805,0,0,108,601,0,0,100,557,0,0,95,531,0,0,149,830,0,0,29,166,0,0,13,72,0,0,496,2760,0,0
2021-05-10,15657,78554,0,0,7892,39599,0,0,1691,8486,0,0,1565,7862,0,0,1497,7502,0,0,2337,11720,0,0,468,2353,0,0,204,1028,0,0,7764,38954,0,0
2021-05-11,10545,81548,1,0,5315,41108,0,0,1139,8810,0,0,1054,8162,0,0,1008,7787,0,0,1573,12167,0,0,315,2443,0,0,138,1067,0,0,5229,40439,0,0
2021-05-12,8171,83664,0,0,4118,42175,0,0,882,9038,0,0,817,8374,0,0,781,7990,0,0,1219,12483,0,0,244,2506,0,0,106,1095,0,0,4052,41488,0,0
2021-05-13,10995,79019,0,0,5542,39834,0,0,1187,8536,0,0,1099,7909,0,0,1051,7546,0,0,1641,11790,0,0,329,2367,0,0,143,1034,0,0,5452,39184,0,0
2021-05-14,13352,81277,0,0,6730,40972,0,0,1442,8780,0,0,1335,8135,0,0,1276,7762,0,0,1992,12127,0,0,399,2435,0,0,174,1063,0,0,6621,40304,0,0
2021-05-15,3122,31117,1,0,1573,15686,0,0,337,3361,0,0,312,3114,0,0,298,2971,0,0,466,4642,0,0,93,932,0,0,40,407,0,0,1548,15430,0,0
2021-05-16,1569,5788,0,0,790,2917,0,0,169,625,0,0,156,579,0,0,150,552,0,0,234,863,0,0,46,173,0,0,20,75,0,0,778,2870,0,0
2021-05-17,15172,100837,0,0,7648,50832,0,0,1638,10894,0,0,1517,10093,0,0,1450,9630,0,0,2264,15045,0,0,454,3021,0,0,198,1320,0,0,7523,50004,0,0
2021-05-18,14147,141862,0,0,7131,71513,0,0,1528,15326,0,0,1414,14199,0,0,1352,13548,0,0,2111,21166,0,0,423,4250,0,0,185,1857,0,0,7015,70348,0,0
2021-05-19,3797,93424,0,0,1914,47095,0,0,410,10093,0,0,379,9351,0,0,363,8922,0,0,566,13939,0,0,113,2799,0,0,49,1223,0,0,1882,46328,0,0
2021-05-20,14226,210811,0,0,7171,106271,0,0,1536,22775,0,0,1422,21100,0,0,1360,20132,0,0,2123,31454,0,0,425,6316,0,0,186,2759,0,0,7054,104539,0,0
2021-05-21,16521,225577,0,0,8328,113714,0,0,1784,24370,0,0,1652,22578,0,0,1579,21543,0,0,2465,33657,0,0,494,6759,0,0,216,2953,0,0,8192,111862,0,0
2021-05-22,6498,36644,0,0,3275,18472,0,0,701,3958,0,0,649,3667,0,0,621,3499,0,0,969,5467,0,0,194,1098,0,0,85,479,0,0,3222,18171,0,0
2021-05-23,1060,3226,0,0,534,1626,0,0,114,348,0,0,106,322,0,0,101,308,0,0,158,481,0,0,31,96,0,0,13,42,0,0,525,1599,0,0
2021-05-24,72591,105341,0,0,36592,53103,0,0,7840,11380,0,0,7259,10543,0,0,6940,10060,0,0,10835,15717,0,0,2172,3156,0,0,950,1379,0,0,35998,52237,0,0
2021-05-25,79662,94371,0,0,40156,47573,0,0,8604,10195,0,0,7966,9445,0,0,7617,9012,0,0,11890,14080,0,0,2383,2827,0,0,1042,1235,0,0,39505,46797,0,0
2021-05-26,88971,68614,1,0,44849,34588,0,0,9610,7412,0,0,8897,6867,0,0,8507,6552,0,0,13280,10237,0,0,2662,2055,0,0,1164,898,0,0,44121,34025,0,0
2021-05-27,661960,56364,0,0,333685,28413,0,0,71501,6089,0,0,66196,5641,0,0,63294,5382,0,0,98806,8409,0,0,19809,1688,0,0,8666,737,0,0,328274,27950,0,0
2021-05-28,545480,66165,0,0,274969,33354,0,0,58920,7148,0,0,54548,6622,0,0,52157,6318,0,0,81420,9872,0,0,16323,1982,0,0,7141,866,0,0,270510,32810,0,0
2021-05-29,166106,9678,1,0,83731,4878,0,0,17941,1045,0,0,16610,968,0,0,15882,924,0,0,24793,1444,0,0,4970,289,0,0,2174,126,0,0,82374,4799,0,0
2021-05-30,6253,661,1,0,3152,333,0,0,675,71,0,0,625,66,0,0,597,63,0,0,933,98,0,0,187,19,0,0,81,8,0,0,3100,327,0,0
2021-05-31,387189,28043,2,0,195176,14136,0,0,41822,3029,0,0,38719,2806,0,0,37021,2678,0,0,57793,4184,0,0,11586,840,0,0,5068,367,0,0,192012,13906,1,0
2021-06-01,568290,27492,2,0,286467,13858,0,0,61383,2970,0,0,56829,2751,0,0,54338,2625,0,0,84825,4101,0,0,17006,823,0,0,7439,359,0,0,281822,13633,1,0
2021-06-02,383623,23837,1,0,193379,12016,0,0,41437,2575,0,0,38362,2385,0,0,36680,2276,0,0,57261,3556,0,0,11479,714,0,0,5022,312,0,0,190243,11820,0,0
2021-06-03,344973,26973,1,0,173896,13597,0,0,37262,2914,0,0,34497,2699,0,0,32985,2575,0,0,51491,4024,0,0,10323,808,0,0,4516,353,0,0,171076,13375,0,0
2021-06-04,370192,31632,2,0,186609,15945,0,0,39986,3417,0,0,37019,3166,0,0,35396,3020,0,0,55256,4719,0,0,11078,947,0,0,4846,414,0,0,183583,15686,1,0
2021-06-05,141331,3599,1,0,71243,1814,0,0,15265,388,0,0,14133,360,0,0,13513,343,0,0,21095,536,0,0,4229,107,0,0,1850,47,0,0,70087,1784,0,0
2021-06-06,3999,790,1,0,2015,398,0,0,431,85,0,0,399,79,0,0,382,75,0,0,596,117,0,0,119,23,0,0,52,10,0,0,1983,391,0,0
2021-06-07,894289,21744,1,0,450799,10961,0,0,96596,2349,0,0,89429,2176,0,0,85509,2076,0,0,133484,3244,0,0,26761,651,0,0,11707,284,0,0,443489,10782,0,0
2021-06-08,746258,26857,3,0,376179,13538,1,0,80607,2901,0,0,74626,2688,0,0,71354,2564,0,0,111389,4007,0,0,22331,804,0,0,9769,351,0,0,370079,13318,1,0
2021-06-09,594115,25130,1,0,299485,12668,0,0,64173,2714,0,0,59411,2515,0,0,56807,2399,0,0,88679,3749,0,0,17778,752,0,0,7777,328,0,0,294629,12461,0,0
2021-06-10,767828,289356,1,0,387052,145866,0,0,82937,31260,0,0,76783,28962,0,0,73417,27634,0,0,114608,43173,0,0,22977,8670,0,0,10052,3787,0,0,380775,143489,0,0
2021-06-11,827705,239039,1,0,417235,120501,0,0,89404,25824,0,0,82770,23926,0,0,79142,22828,0,0,123546,35666,0,0,24769,7162,0,0,10835,3129,0,0,410469,118537,0,0
2021-06-12,389879,120915,1,0,196532,60954,0,0,42112,13063,0,0,38988,12102,0,0,37279,11547,0,0,58194,18041,0,0,11667,3623,0,0,5104,1582,0,0,193346,59960,0,0
2021-06-13,28560,13416,2,0,14396,6763,0,0,3084,1449,0,0,2856,1342,0,0,2730,1281,0,0,4262,2001,0,0,854,401,0,0,373,175,0,0,14163,6652,1,0
2021-06-14,770049,258750,3,0,388171,130437,1,0,83176,27954,0,0,77005,25899,0,0,73629,24711,0,0,114940,38607,0,0,23043,7753,0,0,10081,3387,0,0,381877,128312,1,0
2021-06-15,648092,209404,0,0,326694,105562,0,0,70003,22623,0,0,64809,20960,0,0,61968,19998,0,0,96736,31244,0,0,19394,6274,0,0,8484,2741,0,0,321397,103841,0,0
2021-06-16,569649,283088,1,0,287152,142706,0,0,61530,30583,0,0,56965,28335,0,0,54468,27035,0,0,85027,42238,0,0,17046,8482,0,0,7457,3705,0,0,282496,140381,0,0
2021-06-17,444339,130181,1,0,223985,65625,0,0,47995,14064,0,0,44434,13030,0,0,42486,12432,0,0,66323,19423,0,0,13296,3900,0,0,5817,1704,0,0,220353,64555,0,0
2021-06-18,538465,129474,1,0,271433,65268,0,0,58162,13987,0,0,53846,12959,0,0,51486,12365,0,0,80373,19318,0,0,16113,3879,0,0,7049,1694,0,0,267031,64205,0,0
2021-06-19,217341,37645,1,0,109558,18977,0,0,23476,4067,0,0,21734,3768,0,0,20781,3595,0,0,32441,5616,0,0,6503,1127,0,0,2845,492,0,0,107782,18667,0,0
2021-06-20,1486,2436,0,0,749,1228,0,0,160,263,0,0,148,243,0,0,142,232,0,0,221,363,0,0,44,72,0,0,19,31,0,0,736,1207,0,0
2021-06-21,49102,118195,1,0,24751,59582,0,0,5303,12769,0,0,4910,11830,0,0,4694,11287,0,0,7329,17635,0,0,1469,3541,0,0,642,1547,0,0,24350,58612,0,0
2021-06-22,50393,126419,3,0,25402,63728,1,0,5443,13657,0,0,5039,12653,0,0,4818,12073,0,0,7521,18862,0,0,1508,3788,0,0,659,1654,0,0,24990,62690,1,0
2021-06-23,45765,121060,1,0,23069,61027,0,0,4943,13078,0,0,4576,12117,0,0,4375,11561,0,0,6831,18062,0,0,1369,3627,0,0,599,1584,0,0,22695,60032,0,0
2021-06-24,47349,108859,1,0,23868,54876,0,0,5114,11760,0,0,4734,10896,0,0,4527,10396,0,0,7067,16242,0,0,1416,3261,0,0,619,1425,0,0,23480,53982,0,0
2021-06-25,65775,98321,1,0,33156,49564,0,0,7104,10622,0,0,6577,9841,0,0,6289,9389,0,0,9817,14670,0,0,1968,2946,0,0,861,1287,0,0,32618,48756,0,0
2021-06-26,12565,25117,0,0,6333,12661,0,0,1357,2713,0,0,1256,2514,0,0,1201,2398,0,0,1875,3747,0,0,376,752,0,0,164,328,0,0,6231,12455,0,0
2021-06-27,910,2019,0,0,458,1017,0,0,98,218,0,0,91,202,0,0,87,192,0,0,135,301,0,0,27,60,0,0,11,26,0,0,451,1001,0,0
2021-06-28,14992,145612,1,0,7557,73404,0,0,1619,15731,0,0,1499,14574,0,0,1433,13906,0,0,2237,21726,0,0,448,4363,0,0,196,1906,0,0,7434,72207,0,0
2021-06-29,19096,145988,1,0,9626,73593,0,0,2062,15771,0,0,1909,14612,0,0,1825,13942,0,0,2850,21782,0,0,571,4374,0,0,249,1911,0,0,9469,72394,0,0
2021-06-30,17316,138210,1,0,8728,69672,0,0,1870,14931,0,0,1731,13833,0,0,1655,13199,0,0,2584,20621,0,0,518,4141,0,0,226,1809,0,0,8587,68537,0,0
2021-07-01,7357,122054,1,0,3708,61528,0,0,794,13186,0,0,735,12216,0,0,703,11656,0,0,1098,18211,0,0,220,3657,0,0,96,1597,0,0,3648,60525,0,0
2021-07-02,8142,122441,0,0,4104,61723,0,0,879,13228,0,0,814,12255,0,0,778,11693,0,0,1215,18268,0,0,243,3668,0,0,106,1602,0,0,4037,60717,0,0
2021-07-03,3398,18265,2,0,1712,9207,0,0,367,1973,0,0,339,1828,0,0,324,1744,0,0,507,2725,0,0,101,547,0,0,44,239,0,0,1685,9057,1,0
2021-07-04,1386,1276,0,0,698,643,0,0,149,137,0,0,138,127,0,0,132,121,0,0,206,190,0,0,41,38,0,0,18,16,0,0,687,632,0,0
2021-07-05,56945,77787,0,0,28705,39212,0,0,6150,8403,0,0,5694,7785,0,0,5444,7428,0,0,8499,11606,0,0,1704,2330,0,0,745,1018,0,0,28239,38574,0,0
2021-07-06,40993,92268,2,0,20664,46512,0,0,4427,9968,0,0,4099,9235,0,0,3919,8811,0,0,6118,13766,0,0,1226,2764,0,0,536,1207,0,0,20328,45755,1,0
2021-07-07,37664,90569,2,0,18985,45656,0,0,4068,9784,0,0,3766,9065,0,0,3601,8649,0,0,5621,13513,0,0,1127,2713,0,0,493,1185,0,0,18678,44912,1,0
2021-07-08,40565,107870,4,0,20448,54378,1,0,4381,11653,0,0,4056,10797,0,0,3878,10301,0,0,6054,16094,0,0,1213,3232,0,0,531,1412,0,0,20116,53491,2,0
2021-07-09,60514,150381,3,0,30504,75808,1,0,6536,16246,0,0,6051,15052,0,0,5786,14361,0,0,9032,22437,0,0,1810,4506,0,0,792,1968,0,0,30009,74572,1,0
2021-07-10,14292,40661,4,0,7204,20497,1,0,1543,4392,0,0,1429,4069,0,0,1366,3883,0,0,2133,6066,0,0,427,1218,0,0,187,532,0,0,7087,20163,2,0
2021-07-11,1508,1889,2,0,760,952,0,0,162,204,0,0,150,189,0,0,144,180,0,0,225,281,0,0,45,56,0,0,19,24,0,0,747,936,1,0
2021-07-12,32949,95167,8,0,16609,47974,3,0,3558,10281,0,0,3294,9525,0,0,3150,9088,0,0,4918,14199,1,0,986,2851,0,0,431,1245,0,0,16339,47192,4,0
2021-07-13,109858,111560,2,0,55378,56238,0,0,11866,12052,0,0,10985,11166,0,0,10504,10654,0,0,16397,16645,0,0,3287,3342,0,0,1438,1460,0,0,54480,55321,1,0
2021-07-14,113748,123930,6,0,57338,62474,2,0,12286,13388,0,0,11374,12404,0,0,10876,11835,0,0,16978,18491,0,0,3403,3713,0,0,1489,1622,0,0,56409,61456,3,0
2021-07-15,124756,144380,9,0,62887,72782,4,0,13475,15598,0,0,12475,14451,0,0,11928,13788,0,0,18621,21542,1,0,3733,4326,0,0,1633,1890,0,0,61868,71597,4,0
2021-07-16,136509,186141,2,0,68812,93835,0,0,14745,20109,0,0,13650,18631,0,0,13052,17776,0,0,20375,27773,0,0,4085,5577,0,0,1787,2436,0,0,67696,92305,1,0
2021-07-17,35737,38112,6,0,18014,19212,2,0,3860,4117,0,0,3573,3814,0,0,3417,3639,0,0,5334,5686,0,0,1069,1141,0,0,467,498,0,0,17722,18899,3,0
2021-07-18,3282,1465,2,0,1654,738,0,0,354,158,0,0,328,146,0,0,313,139,0,0,489,218,0,0,98,43,0,0,42,19,0,0,1627,726,1,0
2021-07-19,161561,73093,3,0,81440,36846,1,0,17451,7896,0,0,16156,7316,0,0,15447,6980,0,0,24115,10905,0,0,4834,2190,0,0,2115,956,0,0,80120,36246,1,0
2021-07-20,152111,63253,1,0,76677,31886,0,0,16430,6833,0,0,15211,6331,0,0,14544,6040,0,0,22704,9437,0,0,4551,1895,0,0,1991,828,0,0,75433,31366,0,0
2021-07-21,141099,41914,0,0,71126,21129,0,0,15240,4528,0,0,14109,4195,0,0,13491,4002,0,0,21060,6253,0,0,4222,1255,0,0,1847,548,0,0,69972,20784,0,0
2021-07-22,141948,61998,2,0,71554,31253,0,0,15332,6698,0,0,14194,6205,0,0,13572,5920,0,0,21187,9250,0,0,4247,1857,0,0,1858,811,0,0,70393,30744,1,0
2021-07-23,147981,62400,3,0,74595,31456,1,0,15984,6741,0,0,14798,6245,0,0,14149,5959,0,0,22088,9310,0,0,4428,1869,0,0,1937,816,0,0,73385,30943,1,0
2021-07-24,30249,12989,2,0,15248,6547,0,0,3267,1403,0,0,3024,1300,0,0,2892,1240,0,0,4515,1938,0,0,905,389,0,0,396,170,0,0,15000,6441,1,0
2021-07-25,2279,1400,2,0,1148,705,0,0,246,151,0,0,227,140,0,0,217,133,0,0,340,208,0,0,68,41,0,0,29,18,0,0,1130,694,1,0
2021-07-26,620477,67367,7,0,312774,33960,3,0,67020,7278,0,0,62048,6743,0,0,59328,6433,0,0,92614,10051,1,0,18567,2018,0,0,8123,881,0,0,307702,33406,3,0
2021-07-27,383398,50851,3,0,193265,25634,1,0,41412,5493,0,0,38339,5089,0,0,36659,4856,0,0,57227,7587,0,0,11473,1523,0,0,5019,665,0,0,190132,25216,1,0
2021-07-28,481437,44793,10,0,242686,22580,4,0,52002,4839,1,0,48143,4483,1,0,46033,4277,0,0,71861,6683,1,0,14407,1342,0,0,6302,586,0,0,238750,22212,5,0
2021-07-29,349142,45538,10,0,175997,22956,4,0,37712,4919,1,0,34914,4558,1,0,33383,4348,0,0,52114,6794,1,0,10448,1364,0,0,4570,596,0,0,173144,22581,5,0
2021-07-30,498634,62454,6,0,251354,31483,2,0,53860,6747,0,0,49863,6251,0,0,47677,5964,0,0,74427,9318,0,0,14921,1871,0,0,6527,817,0,0,247279,30970,3,0
2021-07-31,216797,15091,6,0,109284,7607,2,0,23417,1630,0,0,21679,1510,0,0,20729,1441,0,0,32359,2251,0,0,6487,452,0,0,2838,197,0,0,107512,7483,3,0
2021-08-01,28669,1663,7,0,14451,838,3,0,3096,179,0,0,2866,166,0,0,2741,158,0,0,4279,248,1,0,857,49,0,0,375,21,0,0,14217,824,3,0
2021-08-02,478337,38240,10,0,241123,19277,4,0,51667,4131,1,0,47833,3827,1,0,45737,3651,0,0,71398,5705,1,0,14314,1145,0,0,6262,500,0,0,237213,18962,5,0
2021-08-03,221996,109210,14,0,111905,55053,6,0,23978,11798,1,0,22199,10931,1,0,21226,10429,1,0,33135,16294,2,0,6643,3272,0,0,2906,1429,0,0,110090,54156,7,0
2021-08-04,167751,112144,19,0,84561,56532,9,0,18119,12115,2,0,16775,11224,2,0,16039,10709,1,0,25039,16732,2,0,5019,3360,0,0,2196,1468,0,0,83189,55611,9,0
2021-08-05,195358,128848,6,0,98477,64953,2,0,21101,13920,0,0,19535,12896,0,0,18679,12305,0,0,29159,19224,0,0,5846,3860,0,0,2557,1686,0,0,96880,63894,3,0
2021-08-06,258036,157858,5,0,130072,79577,2,0,27871,17054,0,0,25803,15800,0,0,24672,15075,0,0,38515,23553,0,0,7721,4730,0,0,3378,2066,0,0,127963,78280,2,0
2021-08-07,122975,37336,9,0,61990,18821,4,0,13283,4033,0,0,12297,3737,0,0,11758,3565,0,0,18355,5570,1,0,3680,1118,0,0,1609,488,0,0,60984,18514,4,0
2021-08-08,28746,3402,9,0,14490,1714,4,0,3105,367,0,0,2874,340,0,0,2748,324,0,0,4290,507,1,0,860,101,0,0,376,44,0,0,14255,1687,4,0
2021-08-09,438189,175657,26,0,220885,88549,12,0,47331,18977,2,0,43819,17582,2,0,41898,16775,2,0,65405,26209,3,0,13112,5263,0,0,5736,2299,0,0,217303,87107,13,0
2021-08-10,265208,171164,20,0,133687,86285,9,0,28646,18491,2,0,26520,17132,2,0,25358,16346,1,0,39585,25538,2,0,7936,5128,0,0,3471,2240,0,0,131520,84879,10,0
2021-08-11,179711,164873,22,0,90589,83113,10,0,19411,17812,2,0,17971,16502,2,0,17183,15745,2,0,26824,24600,3,0,5377,4940,0,0,2352,2158,0,0,89121,81759,11,0
2021-08-12,170451,707808,20,0,85922,356811,9,0,18411,76468,2,0,17045,70847,2,0,16297,67597,1,0,25442,105609,2,0,5100,21208,0,0,2231,9265,0,0,84528,350996,10,0
2021-08-13,245138,622058,16,0,123570,313583,7,0,26478,67204,1,0,24513,62264,1,0,23439,59407,1,0,36590,92814,2,0,7335,18639,0,0,3209,8143,0,0,121567,308474,8,0
2021-08-14,144186,183626,19,0,72682,92567,9,0,15574,19838,2,0,14418,18379,2,0,13786,17536,1,0,21521,27398,2,0,4314,5502,0,0,1887,2403,0,0,71503,91058,9,0
2021-08-15,19124,6347,27,0,9640,3199,13,0,2065,685,2,0,1912,635,2,0,1828,606,2,0,2854,947,4,0,572,190,0,0,250,83,0,0,9483,3147,13,0
2021-08-16,673173,257987,38,0,339337,130053,18,0,72712,27871,4,0,67317,25822,4,0,64366,24638,3,0,100480,38493,5,0,20144,7730,1,0,8812,3377,0,0,333835,127933,19,0
2021-08-17,726512,497177,39,0,366225,250630,19,0,78474,53712,4,0,72651,49764,4,0,69466,47481,3,0,108441,74181,5,0,21740,14897,1,0,9511,6508,0,0,360286,246546,19,0
2021-08-18,525157,321194,40,0,264724,161916,19,0,56724,34700,4,0,52515,32149,4,0,50213,30674,3,0,78386,47924,5,0,15715,9624,1,0,6875,4204,0,0,260432,159277,20,0
2021-08-19,506325,294881,48,0,255231,148651,23,0,54690,31857,5,0,50632,29515,5,0,48413,28161,4,0,75575,43998,7,0,15151,8835,1,0,6628,3860,0,0,251093,146229,24,0
2021-08-20,692480,334514,30,0,349070,168630,14,0,74798,36139,3,0,69248,33482,3,0,66212,31946,2,0,103362,49911,4,0,20722,10023,0,0,9065,4379,0,0,343409,165883,15,0
2021-08-21,365914,124761,47,0,184452,62892,23,0,39524,13478,5,0,36591,12487,5,0,34987,11914,4,0,54617,18615,6,0,10949,3738,1,0,4790,1633,0,0,181461,61868,23,0
2021-08-22,40782,2992,29,0,20557,1508,14,0,4405,323,3,0,4078,299,3,0,3899,285,2,0,6087,446,4,0,1220,89,0,0,533,39,0,0,20224,1483,14,0
2021-08-23,389092,720316,39,0,196136,363116,19,0,42027,77819,4,0,38909,72099,4,0,37203,68791,3,0,58077,107475,5,0,11643,21583,1,0,5093,9429,0,0,192955,357199,19,0
2021-08-24,406530,605592,65,0,204926,305283,32,0,43911,65425,7,0,40653,60616,7,0,38871,57835,6,0,60680,90358,9,0,12165,18145,2,0,5322,7927,0,0,201603,300308,32,0
2021-08-25,379120,479279,42,0,191109,241607,20,0,40950,51779,4,0,37912,47972,4,0,36250,45772,3,0,56588,71511,6,0,11345,14361,1,0,4963,6274,0,0,188010,237671,21,0
2021-08-26,654919,427435,52,0,330136,215473,25,0,70741,46178,5,0,65492,42783,5,0,62621,40820,4,0,97755,63776,7,0,19598,12807,1,0,8573,5595,0,0,324782,211961,26,0
2021-08-27,603772,551875,50,0,304353,278204,24,0,65216,59622,5,0,60377,55239,5,0,57730,52705,4,0,90121,82343,7,0,18067,16536,1,0,7904,7224,0,0,299418,273670,25,0
2021-08-28,277097,256540,34,0,139681,129323,16,0,29930,27715,3,0,27709,25678,3,0,26495,24500,3,0,41360,38277,5,0,8292,7686,1,0,3627,3358,0,0,137415,127216,17,0
2021-08-29,16663,16499,33,0,8399,8317,16,0,1799,1782,3,0,1666,1651,3,0,1593,1575,3,0,2487,2461,4,0,498,494,1,0,218,215,0,0,8263,8181,16,0
2021-08-30,390472,600625,60,0,196831,302779,29,0,42176,64889,6,0,39047,60118,6,0,37335,57360,5,0,58283,89617,8,0,11684,17997,1,0,5111,7862,0,0,193640,297845,30,0
2021-08-31,248537,531195,65,0,125284,267779,32,0,26845,57388,7,0,24853,53169,7,0,23764,50730,6,0,37097,79257,9,0,7437,15916,2,0,3253,6953,0,0,123252,263415,32,0
2021-09-01,179297,535871,77,1,90381,270136,38,0,19366,57893,8,0,17929,53637,8,0,17143,51176,7,0,26762,79955,11,0,5365,16056,2,0,2347,7015,1,0,88915,265734,38,0
2021-09-02,186990,500889,94,1,94259,252501,46,0,20197,54113,10,0,18699,50135,10,0,17879,47835,8,0,27910,74735,13,0,5595,15008,2,0,2447,6557,1,0,92730,248387,47,0
2021-09-03,234262,700204,50,0,118088,352977,24,0,25303,75647,5,0,23426,70086,5,0,22399,66870,4,0,34966,104474,7,0,7010,20980,1,0,3066,9166,0,0,116173,347226,25,0
2021-09-04,119359,261585,27,0,60167,131866,13,0,12892,28260,2,0,11935,26183,2,0,11412,24981,2,0,17815,39030,4,0,3571,7838,0,0,1562,3424,0,0,59191,129718,13,0
2021-09-05,8978,8824,16,0,4525,4448,7,0,969,953,1,0,897,883,1,0,858,842,1,0,1340,1316,2,0,268,264,0,0,117,115,0,0,4452,4375,8,0
2021-09-06,744485,635655,50,0,375285,320438,24,0,80415,68673,5,0,74448,63625,5,0,71185,60706,4,0,111124,94843,7,0,22278,19046,1,0,9746,8321,0,0,369199,315216,25,0
2021-09-07,575372,422317,68,0,290037,212893,33,0,62148,45625,7,0,57537,42271,7,0,55015,40332,6,0,85882,63012,10,0,17218,12654,2,0,7532,5528,0,0,285334,209423,34,0
2021-09-08,386708,308221,62,0,194934,155376,30,0,41770,33298,6,0,38671,30851,6,0,36975,29435,5,0,57721,45988,9,0,11572,9235,1,0,5062,4034,0,0,191773,152844,31,0
2021-09-09,440743,293181,57,0,222172,147794,28,0,47606,31674,6,0,44074,29345,6,0,42142,27999,5,0,65786,43744,8,0,13189,8784,1,0,5770,3838,0,0,218570,145386,28,0
2021-09-10,653655,418952,74,0,329499,211196,36,0,70604,45261,8,0,65365,41934,7,0,62500,40010,6,0,97567,62510,11,0,19560,12553,2,0,8557,5484,0,0,324155,207755,37,0
2021-09-11,329131,213254,41,0,165910,107502,20,0,35551,23039,4,0,32913,21345,4,0,31470,20366,3,0,49127,31818,6,0,9849,6389,1,0,4308,2791,0,0,163220,105751,20,0
2021-09-12,22408,26170,20,0,11295,13192,9,0,2420,2827,2,0,2240,2619,2,0,2142,2499,1,0,3344,3904,2,0,670,784,0,0,293,342,0,0,11112,12977,10,0
2021-09-13,828544,423992,60,0,417658,213737,29,0,89495,45806,6,0,82854,42438,6,0,79222,40492,5,0,123671,63262,8,0,24794,12704,1,0,10846,5550,0,0,410885,210254,30,0
2021-09-14,602730,225658,79,2,303828,113755,39,0,65103,24379,8,0,60273,22586,8,0,57631,21550,7,0,89965,33669,11,0,18036,6761,2,0,7890,2954,1,0,298901,111902,39,1
2021-09-15,376960,441050,72,0,190020,222336,35,0,40717,47649,7,0,37696,44146,7,0,36043,42121,6,0,56266,65807,10,0,11280,13215,2,0,4935,5773,0,0,186939,218713,36,0
2021-09-16,431267,314816,57,0,217396,158701,28,0,46583,34011,6,0,43126,31511,6,0,41236,30065,5,0,64372,46972,8,0,12905,9433,1,0,5645,4121,0,0,213870,156115,28,0
2021-09-17,661582,446117,60,0,333494,224890,29,0,71460,48196,6,0,66158,44653,6,0,63258,42605,5,0,98750,66563,8,0,19797,13367,1,0,8661,5840,0,0,328087,221226,30,0
2021-09-18,392995,191199,41,0,198103,96384,20,0,42449,20656,4,0,39299,19137,4,0,37576,18259,3,0,58659,28528,6,0,11760,5729,1,0,5144,2502,0,0,194891,94814,20,0
2021-09-19,21652,26448,23,0,10914,13332,11,0,2338,2857,2,0,2165,2647,2,0,2070,2525,2,0,3231,3946,3,0,647,792,0,0,283,346,0,0,10737,13115,11,0
2021-09-20,30385,14735,46,0,15316,7428,22,0,3282,1591,5,0,3038,1474,4,0,2905,1407,4,0,4535,2198,6,0,909,441,1,0,397,192,0,0,15068,7306,23,0
2021-09-21,6980,5061,45,0,3518,2551,22,0,753,546,4,0,698,506,4,0,667,483,4,0,1041,755,6,0,208,151,1,0,91,66,0,0,3461,2509,22,0
2021-09-22,28063,16840,62,0,14146,8489,30,0,3031,1819,6,0,2806,1685,6,0,2683,1608,5,0,4188,2512,9,0,839,504,1,0,367,220,0,0,13916,8350,31,0
2021-09-23,562383,377986,69,1,283490,190545,34,0,60745,40836,7,0,56238,37834,7,0,53773,36098,6,0,83943,56397,10,0,16829,11325,2,0,7362,4948,0,0,278893,187440,34,0
2021-09-24,617731,416363,66,0,311390,209891,32,0,66724,44982,7,0,61773,41675,7,0,59065,39763,6,0,92204,62124,9,0,18485,12475,2,0,8087,5450,0,0,306340,206471,33,0
2021-09-25,313727,216507,54,1,158145,109142,26,0,33887,23390,5,0,31372,21671,5,0,29997,20676,5,0,46828,32304,8,0,9388,6487,1,0,4107,2834,0,0,155581,107364,27,0
2021-09-26,26729,24440,40,0,13473,12320,19,0,2887,2640,4,0,2672,2446,4,0,2555,2334,3,0,3989,3646,5,0,799,732,1,0,349,319,0,0,13255,12119,20,0
2021-09-27,417844,713181,107,0,210629,359519,53,0,45133,77049,11,0,41784,71384,11,0,39952,68110,9,0,62368,106411,15,0,12504,21369,3,0,5470,9336,1,0,207214,353661,53,0
2021-09-28,258057,691647,95,1,130083,348664,47,0,27874,74722,10,0,25805,69229,10,0,24674,66053,8,0,38518,103198,14,0,7722,20724,3,0,3378,9054,1,0,127973,342982,47,0
2021-09-29,232204,527847,132,1,117051,266091,65,0,25081,57026,14,0,23220,52834,14,0,22202,50410,12,0,34659,78758,19,0,6948,15816,4,0,3039,6910,1,0,115152,261755,66,0
2021-09-30,344875,543367,113,2,173847,273915,55,0,37251,58703,12,0,34487,54387,12,0,32975,51892,10,0,51477,81073,16,0,10320,16281,3,0,4514,7113,1,0,171027,269451,57,1
2021-10-01,237312,862771,156,1,119625,434929,77,0,25633,93210,17,0,23731,86358,16,0,22691,82396,14,0,35422,128730,23,0,7101,25852,4,0,3106,11294,2,0,117686,427842,78,0
2021-10-02,124991,407970,69,0,63006,205660,34,0,13500,44075,7,0,12499,40835,7,0,11951,38961,6,0,18656,60871,10,0,3740,12224,2,0,1636,5340,0,0,61984,202309,34,0
2021-10-03,3606,33789,60,1,1817,17033,29,0,389,3650,6,0,360,3382,6,0,344,3226,5,0,538,5041,8,0,107,1012,1,0,47,442,0,0,1788,16755,30,0
2021-10-04,25884,210866,141,1,13047,106299,69,0,2795,22781,15,0,2588,21106,15,0,2474,20138,13,0,3863,31462,20,0,774,6318,4,0,338,2760,1,0,12836,104566,71,0
2021-10-05,45659,767682,143,0,23016,386994,70,0,4931,82937,15,0,4565,76840,15,0,4365,73315,13,0,6815,114543,21,0,1366,23002,4,0,597,10049,1,0,22642,380688,72,0
2021-10-06,37551,512220,138,0,18928,258213,68,0,4056,55338,15,0,3755,51270,14,0,3590,48918,12,0,5605,76426,20,0,1123,15348,4,0,491,6705,1,0,18622,254006,69,0
2021-10-07,37326,712226,118,1,18815,359038,58,0,4031,76945,12,0,3732,71289,12,0,3568,68018,10,0,5571,106268,17,0,1116,21341,3,0,488,9323,1,0,18510,353187,59,0
2021-10-08,45611,1100626,119,1,22991,554833,58,0,4926,118907,13,0,4561,110165,12,0,4361,105111,11,0,6808,164220,17,0,1364,32979,3,0,597,14408,1,0,22619,545792,60,0
2021-10-09,11162,104633,111,1,5626,52746,54,0,1205,11304,12,0,1116,10473,11,0,1067,9992,10,0,1666,15611,16,0,334,3135,3,0,146,1369,1,0,5535,51886,56,0
2021-10-10,2901,18544,69,0,1462,9348,34,0,313,2003,7,0,290,1856,7,0,277,1770,6,0,433,2766,10,0,86,555,2,0,37,242,0,0,1438,9195,34,0
2021-10-11,93943,166956,121,0,47355,84163,59,0,10147,18037,13,0,9394,16711,13,0,8982,15944,11,0,14022,24910,18,0,2811,5002,3,0,1229,2185,1,0,46587,82792,61,0
2021-10-12,107055,602230,878,0,53965,303588,435,0,11563,65062,96,0,10705,60279,94,0,10236,57514,81,0,15979,89856,130,0,3203,18045,27,0,1401,7883,11,0,53089,298641,442,0
2021-10-13,58040,412625,1519,0,29257,208007,752,0,6269,44578,167,0,5804,41301,163,0,5549,39406,141,0,8663,61566,226,0,1736,12363,48,0,759,5401,19,0,28782,204617,766,0
2021-10-14,55394,458890,1884,1,27923,231329,933,0,5983,49576,207,0,5539,45932,202,0,5296,43824,175,0,8268,68469,280,0,1657,13750,59,0,725,6007,24,0,27470,227560,950,0
2021-10-15,89996,722011,2469,0,45365,363970,1223,0,9720,78003,271,0,8999,72268,265,0,8605,68953,230,0,13433,107728,367,0,2693,21634,78,0,1178,9451,32,0,44630,358040,1245,0
2021-10-16,64661,355952,200,0,32594,179437,99,0,6984,38455,22,0,6466,35628,21,0,6182,33994,18,0,9651,53110,29,0,1934,10665,6,0,846,4659,2,0,32066,176514,100,0
2021-10-17,2068,20038,72,0,1042,10101,35,0,223,2164,7,0,206,2005,7,0,197,1913,6,0,308,2989,10,0,61,600,2,0,27,262,0,0,1025,9936,36,0
2021-10-18,72243,631498,1612,0,36416,318342,798,0,7803,68224,177,0,7224,63209,173,0,6907,60309,150,0,10783,94223,239,0,2161,18922,50,0,945,8266,21,0,35826,313155,813,0
2021-10-19,37770,448001,2208,0,19039,225840,1093,0,4079,48400,243,0,3777,44842,237,0,3611,42784,205,0,5637,66844,328,0,1130,13423,69,0,494,5864,28,0,18730,222160,1114,0
2021-10-20,69312,325071,4474,0,34939,163870,2216,0,7486,35119,492,0,6931,32537,481,0,6627,31044,416,0,10345,48502,665,0,2074,9740,141,0,907,4255,58,0,34372,161200,2257,0
2021-10-21,60050,409665,6000,0,30270,206515,2972,0,6486,44258,660,0,6005,41004,646,0,5741,39123,559,0,8963,61124,893,0,1796,12275,189,0,786,5362,78,0,29779,203149,3027,0
2021-10-22,66420,634946,6374,0,33481,320080,3158,0,7174,68596,701,0,6642,63554,686,0,6350,60638,593,0,9914,94737,948,0,1987,19025,201,0,869,8312,83,0,32938,314865,3215,0
2021-10-23,51739,334699,737,1,26080,168724,365,0,5588,36159,81,0,5173,33501,79,0,4947,31964,68,0,7722,49939,109,0,1548,10028,23,0,677,4381,9,0,25658,165974,371,0
2021-10-24,3961,17181,123,0,1996,8661,60,0,427,1856,13,0,396,1719,13,0,378,1640,11,0,591,2563,18,0,118,514,3,0,51,224,1,0,1964,8519,62,0
2021-10-25,78752,434129,9344,0,39697,218847,4629,0,8506,46901,1029,0,7875,43453,1006,0,7530,41460,870,0,11754,64774,1390,0,2356,13008,295,0,1030,5683,121,0,39054,215281,4714,0
2021-10-26,41475,282130,13295,0,20907,142223,6587,0,4479,30480,1464,0,4147,28239,1432,0,3965,26943,1238,0,6190,42095,1979,0,1241,8453,420,0,542,3693,173,0,20567,139906,6707,0
2021-10-27,77975,259443,13645,0,39306,130787,6760,0,8422,28029,1502,0,7797,25968,1469,0,7455,24777,1271,0,11638,38710,2031,0,2333,7773,431,0,1020,3396,177,0,38668,128655,6884,0
2021-10-28,63468,624687,9979,1,31993,314909,4944,0,6855,67488,1098,0,6346,62527,1074,0,6068,59658,929,0,9473,93207,1485,0,1899,18718,315,0,830,8177,130,0,31474,309777,5034,0
2021-10-29,60939,703241,10632,0,30718,354508,5267,0,6582,75975,1170,0,6093,70390,1145,0,5826,67160,990,0,9095,104928,1582,0,1823,21071,336,0,797,9206,138,0,30220,348732,5364,0
2021-10-30,36675,359142,3610,1,18487,181046,1788,0,3961,38800,397,0,3667,35947,388,0,3506,34298,336,0,5474,53586,537,0,1097,10761,114,0,480,4701,47,0,18187,178095,1821,0
2021-10-31,3044,21513,372,0,1534,10844,184,0,328,2324,40,0,304,2153,40,0,291,2054,34,0,454,3209,55,0,91,644,11,0,39,281,4,0,1509,10668,187,0
2021-11-01,83495,119864,34986,0,42088,60424,17333,0,9018,12949,3853,0,8349,11997,3768,0,7983,11447,3259,0,12462,17884,5207,0,2498,3591,1106,0,1093,1569,456,0,41406,59439,17652,0
2021-11-02,42927,88264,57209,1,21638,44494,28344,0,4636,9535,6300,0,4292,8834,6162,0,4104,8429,5330,0,6407,13169,8515,0,1284,2644,1809,0,561,1155,745,0,21288,43769,28864,0
2021-11-03,65364,76748,57983,0,32949,38689,28727,0,7060,8291,6385,0,6536,7681,6246,0,6249,7329,5402,0,9756,11451,8630,0,1956,2299,1834,0,855,1004,755,0,32414,38058,29255,0
2021-11-04,60964,125001,45647,0,30731,63013,22615,0,6585,13504,5027,0,6096,12511,4917,0,5829,11937,4253,0,9099,18650,6794,0,1824,3745,1443,0,798,1636,595,0,30232,61987,23031,0
2021-11-05,71797,163360,59144,0,36191,82350,29303,0,7755,17648,6513,0,7179,16351,6371,0,6865,15601,5510,0,10716,24374,8803,0,2148,4894,1870,0,939,2138,771,0,35605,81009,29841,0
2021-11-06,45660,63355,22575,1,23016,31937,11184,0,4931,6844,2486,0,4566,6341,2431,0,4365,6050,2103,0,6815,9452,3360,0,1366,1898,714,0,597,829,294,0,22643,31417,11390,0
2021-11-07,2255,4553,837,0,1136,2295,414,0,243,491,92,0,225,455,90,0,215,434,77,0,336,679,124,0,67,136,26,0,29,59,10,0,1118,2257,422,0
2021-11-08,117161,164605,185020,1,59059,82978,91668,0,12655,17783,20376,0,11716,16475,19930,0,11202,15720,17238,0,17487,24560,27540,0,3506,4932,5852,0,1533,2154,2411,0,58101,81626,93351,0
2021-11-09,46345,126741,101659,0,23361,63891,50367,0,5005,13692,11195,0,4634,12685,10950,0,4431,12104,9471,0,6917,18910,15132,0,1386,3797,3215,0,606,1659,1325,0,22983,62849,51291,0
2021-11-10,69143,108012,96461,0,34854,54449,47791,0,7468,11669,10623,0,6914,10811,10390,0,6611,10315,8987,0,10320,16116,14358,0,2069,3236,3051,0,905,1413,1257,0,34288,53562,48669,0
2021-11-11,64667,109356,108825,0,32597,55127,53917,0,6985,11814,11984,0,6466,10945,11722,0,6183,10443,10139,0,9652,16316,16199,0,1935,3276,3442,0,846,1431,1418,0,32069,54228,54907,0
2021-11-12,78888,150254,145337,0,39766,75744,72007,0,8521,16232,16005,0,7888,15039,15655,0,7543,14349,13541,0,11775,22418,21633,0,2360,4502,4597,0,1032,1966,1894,0,39121,74509,73329,0
2021-11-13,55612,101562,51144,1,28033,51198,25339,0,6006,10972,5632,0,5561,10165,5509,0,5317,9699,4765,0,8300,15153,7612,0,1664,3043,1617,0,728,1329,666,0,27578,50363,25804,0
2021-11-14,2391,3449,2419,1,1205,1738,1198,0,258,372,266,0,239,345,260,0,228,329,225,0,356,514,360,0,71,103,76,0,31,45,31,0,1185,1710,1220,0
2021-11-15,62690,89291,165576,1,31601,45012,82035,0,6771,9646,18234,0,6269,8937,17836,0,5994,8527,15427,0,9357,13322,24646,0,1876,2675,5237,0,820,1168,2158,0,31088,44278,83541,0
2021-11-16,34161,48122,142271,0,17220,24258,70488,0,3689,5198,15668,0,3416,4816,15325,0,3266,4595,13255,0,5098,7180,21177,0,1022,1441,4500,0,447,629,1854,0,16940,23863,71782,0
2021-11-17,46115,67307,136231,0,23245,33929,67495,0,4981,7271,15003,0,4611,6737,14675,0,4409,6427,12693,0,6883,10042,20278,0,1379,2016,4309,0,603,881,1775,0,22869,33377,68735,0
2021-11-18,45526,61135,131701,1,22949,30818,65251,0,4917,6604,14504,0,4552,6119,14187,0,4353,5838,12271,0,6795,9121,19604,0,1362,1831,4166,0,596,800,1716,0,22576,30316,66449,0
2021-11-19,50179,78316,156551,0,25294,39479,77563,0,5420,8460,17240,0,5017,7838,16863,0,4797,7479,14586,0,7489,11685,23303,0,1501,2346,4952,0,656,1025,2040,0,24884,38836,78987,0
2021-11-20,27203,39286,42657,0,13712,19804,21134,0,2938,4244,4697,0,2720,3932,4595,0,2601,3751,3974,0,4060,5861,6349,0,814,1177,1349,0,356,514,556,0,13490,19481,21522,0
2021-11-21,1466,2326,2256,2,738,1172,1117,0,158,251,248,0,146,232,243,0,140,222,210,0,218,347,335,0,43,69,71,0,19,30,29,0,727,1153,1138,1
2021-11-22,49767,88573,151294,1,25086,44650,74958,0,5375,9569,16661,0,4976,8865,16297,0,4758,8458,14096,0,7428,13215,22520,0,1489,2653,4785,0,651,1159,1972,0,24680,43922,76335,0
2021-11-23,28915,44501,147043,0,14575,22433,72852,0,3123,4807,16193,0,2891,4454,15839,0,2764,4249,13700,0,4315,6639,21887,0,865,1333,4651,0,378,582,1916,0,14339,22067,74190,0
2021-11-24,47356,62086,161621,1,23871,31297,80075,0,5115,6707,17799,0,4735,6214,17410,0,4528,5929,15058,0,7068,9263,24057,0,1417,1860,5112,0,619,812,2106,0,23484,30788,81545,0
2021-11-25,48632,67956,206142,1,24514,34257,102133,0,5252,7341,22702,0,4863,6801,22205,0,4650,6489,19206,0,7258,10139,30685,0,1455,2036,6520,0,636,889,2687,0,24117,33698,104008,0
2021-11-26,56487,88311,298300,0,28474,44518,147793,0,6101,9540,32851,0,5648,8839,32133,0,5401,8433,27793,0,8431,13176,44403,0,1690,2646,9436,0,739,1156,3888,0,28012,43792,150506,0
2021-11-27,32722,46220,72989,0,16494,23299,36162,0,3534,4993,8038,0,3272,4626,7862,0,3128,4414,6800,0,4884,6896,10864,0,979,1384,2308,0,428,605,951,0,16227,22920,36826,0
2021-11-28,1052,2060,2911,0,530,1038,1442,0,113,222,320,0,105,206,313,0,100,196,271,0,157,307,433,0,31,61,92,0,13,26,37,0,521,1021,1468,0
2021-11-29,31403,106835,182192,3,15829,53856,90267,1,3392,11542,20064,0,3140,10693,19626,0,3002,10202,16975,0,4687,15940,27119,0,939,3201,5763,0,411,1398,2375,0,15573,52978,91924,1
2021-11-30,22181,49569,192107,0,11181,24988,95179,0,2395,5355,21156,0,2218,4961,20694,0,2120,4733,17899,0,3310,7396,28595,0,663,1485,6076,0,290,648,2504,0,10999,24580,96927,0
2021-12-01,24229,66385,164266,0,12213,33465,81386,0,2617,7171,18090,0,2422,6644,17695,0,2316,6339,15305,0,3616,9905,24451,0,725,1989,5196,0,317,869,2141,0,12015,32919,82880,0
2021-12-02,23046,61478,184438,0,11617,30991,91380,0,2489,6641,20312,0,2304,6153,19867,0,2203,5871,17184,0,3439,9172,27454,0,689,1842,5834,0,301,804,2404,0,11428,30486,93057,0
2021-12-03,34732,91701,283136,0,17507,46227,140280,0,3751,9906,31181,0,3473,9178,30499,0,3320,8757,26380,0,5184,13682,42145,0,1039,2747,8956,0,454,1200,3691,0,17224,45473,142855,0
2021-12-04,21746,53497,97541,0,10961,26968,48326,0,2348,5779,10742,0,2174,5354,10507,0,2079,5109,9088,0,3245,7982,14519,0,650,1602,3085,0,284,700,1271,0,10784,26528,49214,0
2021-12-05,1793,2111,4058,0,903,1064,2010,0,193,228,446,0,179,211,437,0,171,201,378,0,267,314,604,0,53,63,128,0,23,27,52,0,889,1046,2047,0
2021-12-06,52809,66756,290195,1,26620,33652,143777,0,5704,7212,31959,0,5280,6681,31260,0,5049,6375,27038,0,7882,9960,43196,0,1580,2000,9179,0,691,873,3783,0,26188,33103,146417,0
2021-12-07,38436,42741,296129,0,19375,21546,146717,0,4151,4617,32612,0,3843,4278,31899,0,3675,4081,27591,0,5737,6377,44079,0,1150,1280,9367,0,503,559,3860,0,19060,21194,149411,0
2021-12-08,46498,52409,307245,0,23439,26419,152225,0,5022,5662,33836,0,4649,5245,33096,0,4445,5005,28627,0,6940,7819,45734,0,1391,1570,9719,0,608,686,4005,0,23058,25989,155019,0
2021-12-09,45959,55734,449626,0,23167,28095,222768,0,4964,6021,49517,0,4595,5578,48434,0,4394,5322,41893,0,6860,8315,66928,0,1375,1670,14223,0,601,729,5861,0,22791,27638,226858,0
2021-12-10,52126,76140,774471,0,26276,38382,383713,0,5630,8225,85292,0,5212,7621,83427,0,4984,7271,72160,0,7780,11360,115283,0,1559,2281,24498,0,682,996,10096,0,25849,37757,390758,0
2021-12-11,26306,34879,280750,0,13260,17582,139098,0,2841,3768,30918,0,2630,3491,30242,0,2515,3331,26158,0,3926,5204,41790,0,787,1045,8880,0,344,456,3659,0,13045,17296,141651,0
2021-12-12,2137,1572,8899,0,1077,792,4409,0,230,169,980,0,213,157,958,0,204,150,829,0,318,234,1324,0,63,47,281,0,27,20,116,0,1059,779,4489,0
2021-12-13,77593,63641,789164,0,39113,32081,390993,0,8381,6875,86910,0,7759,6370,85010,0,7419,6077,73529,0,11581,9495,117470,0,2321,1906,24963,0,1015,833,10287,0,38479,31559,398171,0
2021-12-14,55763,44402,809267,0,28109,22383,400953,0,6023,4797,89124,0,5576,4444,87175,0,5331,4240,75402,0,8323,6625,120462,0,1668,1330,25599,0,730,581,10549,0,27653,22018,408314,0
2021-12-15,88556,58463,934394,0,44639,29471,462947,0,9565,6316,102904,0,8855,5851,100654,0,8467,5583,87060,0,13218,8723,139088,0,2650,1751,29557,0,1159,765,12181,0,43916,28991,471447,0
2021-12-16,98791,62451,922103,1,49799,31481,456858,0,10670,6746,101551,0,9879,6250,99330,0,9446,5964,85915,0,14745,9318,137258,0,2956,1871,29168,0,1293,817,12020,0,48991,30969,465245,0
2021-12-17,108366,81049,1192929,0,54625,40857,591039,0,11705,8756,131377,0,10836,8112,128504,0,10361,7740,111149,0,16175,12093,177572,0,3242,2428,37736,0,1418,1061,15551,0,53740,40191,601890,0
2021-12-18,69705,40885,533702,0,35137,20610,264424,0,7529,4417,58776,0,6970,4092,57491,0,6664,3904,49726,0,10404,6100,79443,0,2085,1225,16882,0,912,535,6957,0,34567,20274,269278,0
2021-12-19,6061,1882,30300,0,3055,948,15012,0,654,203,3336,0,606,188,3263,0,579,179,2823,0,904,280,4510,0,181,56,958,0,79,24,395,0,3005,933,15287,0
2021-12-20,122344,53787,852992,0,61672,27114,422617,0,13215,5810,93939,0,12234,5383,91885,0,11698,5136,79476,0,18261,8025,126971,0,3661,1611,26982,0,1601,704,11119,0,60671,26672,430375,0
2021-12-21,75394,38403,697456,0,38005,19359,345556,0,8143,4148,76810,0,7539,3843,75131,0,7208,3667,64984,0,11253,5729,103819,0,2256,1150,22062,0,987,502,9092,0,37388,19043,351900,0
2021-12-22,91353,39382,625445,0,46049,19852,309878,0,9867,4254,68880,0,9135,3941,67373,0,8734,3761,58274,0,13635,5876,93099,0,2733,1180,19784,0,1195,515,8153,0,45303,19529,315567,0
2021-12-23,80828,34772,601081,0,40744,17528,297807,0,8730,3756,66196,0,8082,3480,64749,0,7728,3320,56004,0,12064,5188,89473,0,2418,1041,19014,0,1058,455,7835,0,40083,17243,303274,0
2021-12-24,79574,43733,801785,0,40112,22046,397246,0,8595,4724,88300,0,7957,4377,86369,0,7608,4176,74705,0,11877,6525,119348,0,2381,1310,25362,0,1041,572,10452,0,39461,21686,404539,0
2021-12-25,10282,5099,60675,0,5183,2570,30061,0,1110,550,6682,0,1028,510,6536,0,983,486,5653,0,1534,760,9031,0,307,152,1919,0,134,66,790,0,5098,2528,30613,0
2021-12-26,3530,1778,25749,0,1779,896,12757,0,381,192,2835,0,353,177,2773,0,337,169,2399,0,526,265,3832,0,105,53,814,0,46,23,335,0,1750,881,12991,0
2021-12-27,76487,65053,764241,0,38556,32793,378645,0,8261,7028,84165,0,7648,6511,82325,0,7313,6212,71207,0,11416,9706,113760,0,2288,1949,24175,0,1001,851,9962,0,37930,32259,385596,0
2021-12-28,46404,43947,620949,1,23391,22153,307650,0,5012,4747,68385,0,4640,4398,66889,0,4437,4197,57856,0,6926,6557,92430,0,1388,1316,19642,0,607,575,8094,0,23012,21793,313298,0
2021-12-29,49583,46771,539721,0,24994,23577,267406,0,5355,5052,59439,0,4958,4681,58139,0,4740,4466,50287,0,7400,6978,80339,0,1483,1401,17073,0,649,612,7035,0,24588,23193,272315,0
2021-12-30,47485,46430,548605,1,23936,23405,271807,0,5129,5016,60417,0,4748,4647,59096,0,4540,4434,51115,0,7087,6927,81662,0,1420,1391,17354,0,621,607,7151,0,23548,23024,276797,0
2021-12-31,54158,58599,738156,1,27300,29540,365721,0,5849,6330,81293,0,5415,5865,79515,0,5178,5596,68776,0,8083,8743,109877,0,1620,1755,23350,0,709,767,9622,0,26857,29058,372435,0
2022-01-01,4280,4973,34624,1,2157,2506,17154,0,462,537,3813,0,428,497,3729,0,409,474,3226,0,638,742,5153,0,128,149,1095,0,56,65,451,0,2122,2466,17469,0
2022-01-02,2118,2469,17716,0,1067,1244,8777,0,228,266,1951,0,211,247,1908,0,202,235,1650,0,316,368,2637,0,63,73,560,0,27,32,230,0,1050,1224,8938,0
2022-01-03,40667,79616,490277,2,20499,40134,242908,0,4392,8601,53994,0,4066,7969,52813,0,3888,7603,45680,0,6070,11879,72979,0,1216,2385,15508,0,532,1042,6391,0,20167,39481,247368,1
2022-01-04,26943,55439,367115,0,13581,27947,181888,0,2910,5989,40430,0,2694,5549,39546,0,2576,5294,34205,0,4021,8271,54646,0,806,1661,11612,0,352,725,4785,0,13361,27491,185227,0
2022-01-05,21140,76038,335020,0,10656,38331,165986,0,2283,8214,36895,0,2114,7610,36088,0,2021,7261,31215,0,3155,11345,49869,0,632,2278,10597,0,276,995,4367,0,10483,37706,169033,0
2022-01-06,19885,85499,383407,0,10023,43100,189959,0,2147,9236,42224,0,1988,8557,41301,0,1901,8165,35723,0,2968,12756,57071,0,595,2561,12128,0,260,1119,4998,0,9861,42398,193447,0
2022-01-07,26277,107685,600023,0,13245,54284,297282,0,2838,11633,66080,0,2627,10778,64635,0,2512,10284,55906,0,3922,16067,89315,0,786,3226,18980,0,344,1409,7822,0,13031,53400,302740,0
2022-01-08,16337,70848,347815,0,8235,35714,172325,0,1764,7654,38304,0,1633,7091,37467,0,1562,6766,32407,0,2438,10570,51773,0,488,2122,11002,0,213,927,4534,0,8101,35133,175489,0
2022-01-09,1108,4762,16300,0,558,2400,8075,0,119,514,1795,0,110,476,1755,0,105,454,1518,0,165,710,2426,0,33,142,515,0,14,62,212,0,549,2361,8224,0
2022-01-10,24995,109796,444329,0,12599,55348,220143,0,2699,11861,48933,0,2499,10989,47863,0,2389,10485,41399,0,3730,16382,66140,0,747,3289,14055,0,327,1437,5792,0,12395,54447,224185,0
2022-01-11,20318,73511,344176,1,10242,37057,170522,0,2194,7941,37904,0,2031,7357,37075,0,1942,7020,32068,0,3032,10968,51231,0,608,2202,10887,0,265,962,4486,0,10075,36453,173653,0
2022-01-12,16483,81079,284357,2,8308,40872,140885,0,1780,8759,31316,0,1648,8115,30631,0,1576,7743,26494,0,2460,12097,42327,0,493,2429,8995,0,215,1061,3706,0,8174,40206,143471,1
2022-01-13,16374,77197,343941,1,8253,38915,170406,0,1768,8340,37878,0,1637,7726,37049,0,1565,7372,32046,0,2444,11518,51196,0,489,2313,10879,0,214,1010,4483,0,8120,38281,173534,0
2022-01-14,22677,91210,581475,0,11431,45979,288093,0,2449,9853,64037,0,2267,9129,62637,0,2168,8710,54178,0,3384,13609,86554,0,678,2733,18393,0,296,1194,7580,0,11245,45230,293382,0
2022-01-15,13138,29373,306777,1,6622,14807,151993,0,1419,3173,33785,0,1313,2940,33046,0,1256,2805,28583,0,1961,4382,45664,0,393,880,9704,0,171,384,3999,0,6515,14565,154783,0
2022-01-16,789,3443,17240,0,397,1735,8541,0,85,371,1898,0,78,344,1857,0,75,328,1606,0,117,513,2566,0,23,103,545,0,10,45,224,0,391,1707,8698,0
2022-01-17,16094,71349,386872,0,8112,35967,191676,0,1738,7708,42606,0,1609,7141,41674,0,1538,6813,36046,0,2402,10645,57587,0,481,2137,12237,0,210,934,5043,0,7981,35381,195195,0
2022-01-18,12213,46640,263399,0,6156,23511,130501,0,1319,5038,29008,0,1221,4668,28373,0,1167,4454,24541,0,1822,6958,39207,0,365,1397,8332,0,159,610,3433,0,6056,23128,132897,0
2022-01-19,10182,45276,216539,0,5132,22823,107284,0,1099,4891,23847,0,1018,4531,23325,0,973,4323,20175,0,1519,6755,32232,0,304,1356,6849,0,133,592,2822,0,5049,22452,109254,0
2022-01-20,10515,44788,282537,2,5300,22577,139983,0,1135,4838,31115,0,1051,4483,30435,0,1005,4277,26324,0,1569,6682,42056,0,314,1342,8937,0,137,586,3683,0,5214,22210,142553,1
2022-01-21,15420,59050,470330,1,7773,29767,233026,0,1665,6379,51797,0,1542,5910,50664,0,1474,5639,43822,0,2301,8810,70010,0,461,1769,14877,0,201,773,6131,0,7646,29282,237304,0
2022-01-22,9404,18023,259193,0,4740,9085,128417,0,1015,1947,28544,0,940,1803,27920,0,899,1721,24149,0,1403,2689,38581,0,281,540,8199,0,123,235,3378,0,4663,8937,130775,0
2022-01-23,606,1968,14012,0,305,992,6942,0,65,212,1543,0,60,196,1509,0,57,187,1305,0,90,293,2085,0,18,58,443,0,7,25,182,0,300,975,7069,0
2022-01-24,11727,40766,298795,2,5911,20550,148038,0,1266,4404,32906,0,1172,4080,32186,0,1121,3893,27839,0,1750,6082,44476,0,350,1221,9451,0,153,533,3895,0,5815,20215,150756,1
2022-01-25,9252,29416,244831,1,4663,14828,121302,0,999,3177,26963,0,925,2944,26373,0,884,2809,22811,0,1380,4389,36444,0,276,881,7744,0,121,385,3191,0,4588,14587,123529,0
2022-01-26,8600,24725,256715,2,4335,12464,127190,0,928,2671,28271,0,860,2474,27653,0,822,2361,23919,0,1283,3689,38213,0,257,740,8120,0,112,323,3346,0,4264,12260,129525,1
2022-01-27,9213,25208,316389,0,4644,12707,156755,0,995,2723,34843,0,921,2523,34081,0,880,2407,29479,0,1375,3761,47095,0,275,755,10008,0,120,329,4124,0,4568,12500,159633,0
2022-01-28,13448,37233,505908,1,6778,18769,250653,0,1452,4022,55715,0,1344,3726,54497,0,1285,3555,47137,0,2007,5555,75306,0,402,1115,16003,0,176,487,6595,0,6669,18463,255255,0
2022-01-29,8146,22541,340804,0,4106,11363,168852,0,879,2435,37532,0,814,2256,36711,0,778,2152,31753,0,1215,3363,50730,0,243,675,10780,0,106,295,4442,0,4039,11177,171952,0
2022-01-30,661,1398,24952,0,333,704,12362,0,71,151,2747,0,66,139,2687,0,63,133,2324,0,98,208,3714,0,19,41,789,0,8,18,325,0,327,693,12589,0
2022-01-31,612,996,19395,2,308,502,9609,0,66,107,2135,0,61,99,2089,0,58,95,1807,0,91,148,2887,0,18,29,613,0,8,13,252,0,303,493,9785,1
2022-02-01,98,199,2997,0,49,100,1484,0,10,21,330,0,9,19,322,0,9,19,279,0,14,29,446,0,2,5,94,0,1,2,39,0,48,98,1512,0
2022-02-02,507,856,12606,0,255,431,6245,0,54,92,1388,0,50,85,1357,0,48,81,1174,0,75,127,1876,0,15,25,398,0,6,11,164,0,251,424,6360,0
2022-02-03,12460,52776,328950,1,6280,26604,162979,0,1345,5701,36227,0,1246,5282,35435,0,1191,5040,30649,0,1859,7874,48965,0,372,1581,10405,0,163,690,4288,0,6179,26171,165971,0
2022-02-04,12577,35674,359685,1,6339,17983,178206,0,1358,3854,39612,0,1257,3570,38745,0,1202,3406,33513,0,1877,5322,53540,0,376,1068,11377,0,164,467,4688,0,6237,17690,181478,0
2022-02-05,7291,18092,204670,0,3675,9120,101404,0,787,1954,22540,0,729,1810,22047,0,697,1727,19069,0,1088,2699,30465,0,218,542,6474,0,95,236,2668,0,3615,8971,103265,0
2022-02-06,453,962,12058,1,228,484,5974,0,48,103,1327,0,45,96,1298,0,43,91,1123,0,67,143,1794,0,13,28,381,0,5,12,157,0,224,477,6083,0
2022-02-07,8247,22460,246989,0,4157,11322,122371,0,890,2426,27200,0,824,2248,26606,0,788,2144,23012,0,1230,3351,36765,0,246,672,7813,0,107,294,3219,0,4089,11137,124617,0
2022-02-08,5857,16184,163634,0,2952,8158,81072,0,632,1748,18020,0,585,1619,17626,0,560,1545,15246,0,874,2414,24357,0,175,484,5176,0,76,211,2133,0,2904,8025,82561,0
2022-02-09,5253,13016,147186,0,2647,6561,72923,0,567,1406,16209,0,525,1302,15855,0,502,1243,13713,0,784,1942,21909,0,157,390,4655,0,68,170,1918,0,2605,6454,74262,0
2022-02-10,5975,13952,206047,0,3011,7033,102086,0,645,1507,22691,0,597,1396,22195,0,571,1332,19198,0,891,2081,30670,0,178,418,6517,0,78,182,2686,0,2963,6918,103960,0
2022-02-11,8373,19721,307845,1,4220,9941,152522,0,904,2130,33902,0,837,1973,33161,0,800,1883,28683,0,1249,2942,45823,0,250,590,9738,0,109,258,4013,0,4152,9779,155322,0
2022-02-12,5766,12252,169647,1,2906,6176,84052,0,622,1323,18683,0,576,1226,18274,0,551,1170,15806,0,860,1828,25252,0,172,367,5366,0,75,160,2211,0,2859,6075,85595,0
2022-02-13,371,604,9035,0,187,304,4476,0,40,65,995,0,37,60,973,0,35,57,841,0,55,90,1344,0,11,18,285,0,4,7,117,0,183,299,4558,0
2022-02-14,10497,13658,194171,0,5291,6885,96202,0,1133,1475,21384,0,1049,1367,20916,0,1003,1304,18091,0,1566,2037,28903,0,314,409,6142,0,137,178,2531,0,5205,6772,97968,0
2022-02-15,9894,10739,139735,1,4987,5413,69232,0,1068,1160,15388,0,989,1074,15052,0,946,1025,13019,0,1476,1602,20800,0,296,321,4420,0,129,140,1821,0,4906,5325,70503,0
2022-02-16,9303,9665,129289,15,4689,4872,64056,6,1004,1044,14238,1,930,967,13927,2,889,923,12046,1,1388,1442,19245,2,278,289,4089,0,121,126,1685,0,4613,4792,65232,8
2022-02-17,9228,10070,169710,215,4651,5076,84083,93,996,1087,18690,25,922,1007,18281,32,882,961,15812,19,1377,1502,25261,32,276,301,5368,7,120,131,2212,2,4576,4993,85626,121
2022-02-18,11579,15330,248738,465,5836,7727,123237,202,1250,1656,27393,55,1157,1534,26794,70,1107,1464,23175,41,1728,2287,37025,71,346,459,7868,17,151,200,3242,5,5742,7602,125500,262
2022-02-19,6269,9541,135877,206,3160,4809,67320,89,677,1030,14964,24,626,954,14636,31,599,911,12660,18,935,1423,20225,31,187,285,4298,7,82,124,1771,2,3108,4731,68556,116
2022-02-20,367,586,8246,2,184,295,4085,0,39,63,908,0,36,58,888,0,35,55,768,0,54,87,1227,0,10,17,260,0,4,7,107,0,182,290,4160,1
2022-02-21,8191,5583,161661,685,4128,2814,80095,298,884,603,17803,82,819,558,17414,104,783,533,15062,60,1222,833,24063,105,245,167,5113,25,107,73,2107,8,4062,2768,81565,386
2022-02-22,6378,3953,114555,1163,3215,1992,56756,506,688,427,12615,140,637,395,12340,177,609,377,10673,103,952,589,17051,178,190,118,3623,42,83,51,1493,14,3162,1960,57798,656
2022-02-23,5857,3693,109628,2089,2952,1861,54315,909,632,398,12073,251,585,369,11809,318,560,352,10214,185,874,551,16318,320,175,110,3467,77,76,48,1429,26,2904,1831,55312,1179
2022-02-24,6312,10467,148229,2568,3181,5276,73440,1118,681,1130,16324,309,631,1047,15967,391,603,999,13811,228,942,1561,22064,393,188,313,4688,94,82,137,1932,32,3130,5190,74788,1449
2022-02-25,8966,13950,227579,4251,4519,7032,112754,1851,968,1507,25063,511,896,1396,24515,648,857,1332,21204,377,1338,2081,33876,651,268,417,7199,157,117,182,2966,53,4446,6917,114824,2399
2022-02-26,4928,8489,119634,605,2484,4279,59272,263,532,917,13175,72,492,849,12887,92,471,810,11146,53,735,1266,17807,92,147,254,3784,22,64,111,1559,7,2443,4209,60361,341
2022-02-27,228,457,6168,6,114,230,3055,2,24,49,679,0,22,45,664,0,21,43,574,0,34,68,918,0,6,13,195,0,2,5,80,0,113,226,3112,3
2022-02-28,5673,8334,144911,4603,2859,4201,71796,2004,612,900,15959,554,567,834,15610,701,542,795,13501,408,846,1243,21570,705,169,249,4583,170,74,109,1889,58,2813,4132,73114,2598
2022-03-01,206,363,4986,218,103,182,2470,94,22,39,549,26,20,36,537,33,19,34,464,19,30,54,742,33,6,10,157,8,2,4,64,2,102,180,2515,123
2022-03-02,2256,4383,65145,11516,1137,2209,32276,5015,243,473,7174,1386,225,438,7017,1755,215,418,6069,1023,336,653,9697,1765,67,131,2060,425,29,57,849,145,1118,2173,32868,6501
2022-03-03,2007,4276,66638,12748,1011,2155,33015,5551,216,461,7338,1535,200,428,7178,1943,191,408,6208,1132,299,638,9919,1954,60,128,2107,470,26,55,868,160,995,2120,33622,7197
2022-03-04,3510,7735,105111,14563,1769,3899,52077,6342,379,835,11575,1753,351,774,11322,2220,335,738,9793,1293,523,1154,15646,2232,105,231,3324,538,45,101,1370,183,1740,3835,53033,8221
2022-03-05,2298,5629,52620,2341,1158,2837,26070,1019,248,608,5795,281,229,563,5668,356,219,537,4902,207,343,839,7832,358,68,168,1664,86,30,73,685,29,1139,2791,26549,1321
2022-03-06,77,200,1764,46,38,100,873,20,8,21,194,5,7,20,190,7,7,19,164,4,11,29,262,7,2,5,55,1,1,2,22,0,38,99,890,25
2022-03-07,7883,5892,66760,11162,3973,2970,33076,4861,851,636,7352,1344,788,589,7191,1701,753,562,6220,991,1176,879,9937,1711,235,176,2111,412,103,77,870,140,3909,2921,33683,6301
2022-03-08,5891,5235,41384,15771,2969,2639,20503,6868,636,565,4557,1899,589,523,4457,2404,563,499,3855,1401,879,781,6160,2417,176,156,1309,582,77,68,539,199,2921,2595,20880,8903
2022-03-09,1079,1268,8083,944,543,639,4004,411,116,136,890,113,107,126,870,143,103,121,753,83,161,189,1203,144,32,37,255,34,14,16,105,11,535,628,4078,532
2022-03-10,5194,6428,61759,17164,2618,3240,30598,7475,561,694,6801,2066,519,643,6652,2616,496,613,5754,1524,775,959,9193,2631,155,192,1953,634,67,84,805,216,2575,3187,31160,9690
2022-03-11,8945,13976,85861,19041,4509,7045,42540,8292,966,1509,9455,2292,894,1398,9249,2902,855,1334,7999,1691,1335,2085,12780,2918,267,418,2716,703,117,182,1119,240,4435,6930,43321,10749
2022-03-12,4003,5413,35627,2293,2017,2728,17651,998,432,584,3923,276,400,541,3837,349,382,516,3319,203,597,807,5303,351,119,162,1126,84,52,70,464,28,1985,2684,17975,1294
2022-03-13,82,107,781,32,41,53,386,13,8,11,86,3,8,10,84,4,7,10,72,2,12,15,116,4,2,3,24,1,1,1,10,0,40,53,394,18
2022-03-14,3699,4938,49252,10819,1864,2489,24402,4711,399,533,5424,1302,369,494,5305,1649,353,471,4588,961,552,736,7331,1658,110,147,1557,399,48,64,642,136,1834,2448,24850,6107
2022-03-15,2514,3349,32400,15634,1267,1688,16052,6808,271,361,3568,1882,251,335,3490,2383,240,319,3018,1388,375,499,4822,2396,75,100,1024,577,32,43,422,197,1246,1660,16347,8826
2022-03-16,2261,2485,32349,16719,1139,1252,16027,7281,244,268,3562,2013,226,248,3484,2548,216,237,3014,1485,337,370,4815,2562,67,74,1023,617,29,32,421,211,1121,1232,16321,9438
2022-03-17,2568,2737,44116,15922,1294,1379,21857,6934,277,295,4858,1917,256,273,4752,2427,245,261,4110,1414,383,408,6566,2440,76,82,1395,588,33,35,575,200,1273,1357,22258,8988
2022-03-18,4772,5689,77170,15860,2405,2867,38234,6907,515,614,8498,1909,477,569,8312,2417,456,543,7190,1408,712,848,11487,2431,142,170,2441,585,62,74,1006,200,2366,2821,38936,8953
2022-03-19,2089,1931,30490,2112,1053,973,15106,919,225,208,3357,254,208,193,3284,321,199,184,2840,187,311,288,4538,323,62,57,964,78,27,25,397,26,1035,957,15383,1192
2022-03-20,26,37,583,22,13,18,288,9,2,3,64,2,2,3,62,3,2,3,54,1,3,5,86,3,0,1,18,0,0,0,7,0,12,18,294,12
2022-03-21,2289,2313,47597,9239,1153,1165,23582,4023,247,249,5241,1112,228,231,5127,1408,218,220,4434,820,341,345,7085,1416,68,69,1505,341,29,30,620,116,1135,1147,24014,5215
2022-03-22,1842,1255,29297,11396,928,632,14515,4963,198,135,3226,1372,184,125,3155,1737,176,119,2729,1012,274,187,4360,1746,55,37,926,421,24,16,381,143,913,622,14781,6433
2022-03-23,1526,1295,33814,9741,769,652,16753,4242,164,139,3723,1173,152,129,3642,1484,145,123,3150,865,227,193,5033,1493,45,38,1069,359,19,16,440,122,756,642,17060,5499
2022-03-24,1791,1557,41123,9295,902,784,20374,4048,193,168,4528,1119,179,155,4429,1416,171,148,3831,825,267,232,6121,1424,53,46,1300,343,23,20,536,117,888,772,20748,5247
2022-03-25,3237,2872,68911,9914,1631,1447,34142,4317,349,310,7589,1193,323,287,7423,1511,309,274,6420,880,483,428,10257,1519,96,86,2179,366,42,37,898,125,1605,1424,34768,5597
2022-03-26,1523,1116,34574,2113,767,562,17129,920,164,120,3807,254,152,111,3724,322,145,106,3221,187,227,166,5146,323,45,33,1093,78,19,14,450,26,755,553,17444,1192
2022-03-27,25,32,564,39,12,16,279,16,2,3,62,4,2,3,60,5,2,3,52,3,3,4,83,5,0,0,17,1,0,0,7,0,12,15,284,22
2022-03-28,1665,5160,37454,5195,839,2601,18556,2262,179,557,4124,625,166,516,4034,791,159,492,3489,461,248,769,5575,796,49,154,1184,191,21,67,488,65,825,2558,18897,2932
2022-03-29,1341,3766,20665,6525,675,1898,10238,2841,144,406,2275,785,134,376,2226,994,128,359,1925,579,200,561,3076,1000,40,112,653,241,17,49,269,82,665,1867,10426,3683
2022-03-30,1192,1281,26032,7138,600,645,12897,3108,128,138,2866,859,119,128,2804,1088,113,122,2425,634,177,191,3874,1094,35,38,823,263,15,16,339,90,591,635,13134,4029
2022-03-31,4590,3383,31363,6321,2313,1705,15538,2752,495,365,3454,761,459,338,3378,963,438,323,2922,561,685,504,4668,968,137,101,992,233,60,44,408,79,2276,1677,15824,3568
2022-04-01,11122,6015,39664,7672,5606,3032,19651,3341,1201,649,4368,923,1112,602,4272,1169,1063,574,3695,681,1660,897,5904,1176,332,180,1254,283,145,78,517,96,5515,2982,20012,4331
2022-04-02,6176,2385,18771,1794,3113,1202,9300,781,667,257,2067,216,617,238,2022,273,590,227,1748,159,921,355,2794,275,184,71,593,66,80,31,244,22,3062,1182,9470,1012
2022-04-03,58,45,283,26,29,22,140,11,6,4,31,3,5,4,30,3,5,4,26,2,8,6,42,3,1,1,8,0,0,0,3,0,28,22,142,14
2022-04-04,2894,2656,21698,3532,1458,1338,10750,1538,312,286,2389,425,289,265,2337,538,276,253,2021,313,431,396,3229,541,86,79,686,130,37,34,282,44,1435,1317,10947,1994
2022-04-05,1959,1880,12369,4084,987,947,6128,1778,211,203,1362,491,195,188,1332,622,187,179,1152,362,292,280,1841,626,58,56,391,150,25,24,161,51,971,932,6240,2305
2022-04-06,2258,1654,16717,4989,1138,833,8282,2172,243,178,1841,600,225,165,1800,760,215,157,1557,443,337,246,2488,764,67,49,528,184,29,21,217,62,1119,820,8434,2816
2022-04-07,2534,1924,20498,5079,1277,969,10155,2211,273,207,2257,611,253,192,2208,774,242,183,1909,451,378,287,3051,778,75,57,648,187,33,25,267,64,1256,954,10342,2867
2022-04-08,8026,3945,31787,7408,4045,1988,15748,3226,866,426,3500,892,802,394,3424,1129,767,376,2961,658,1197,588,4731,1135,240,118,1005,273,105,51,414,93,3980,1956,16038,4182
2022-04-09,3531,1344,12104,1630,1779,677,5996,709,381,145,1333,196,353,134,1303,248,337,128,1127,144,527,200,1801,249,105,40,382,60,46,17,157,20,1751,666,6107,920
2022-04-10,28,20,181,28,14,10,89,12,3,2,19,3,2,2,19,4,2,1,16,2,4,2,26,4,0,0,5,1,0,0,2,0,13,9,91,15
2022-04-11,1298,1645,13576,2653,654,829,6726,1155,140,177,1495,319,129,164,1462,404,124,157,1264,235,193,245,2020,406,38,49,429,98,16,21,176,33,643,815,6849,1497
2022-04-12,1144,1326,8817,3594,576,668,4368,1565,123,143,971,432,114,132,949,547,109,126,821,319,170,197,1312,550,34,39,278,132,14,17,114,45,567,657,4448,2029
2022-04-13,1590,1306,12877,4903,801,658,6379,2135,171,141,1418,590,159,130,1387,747,152,124,1199,435,237,194,1916,751,47,39,407,181,20,17,167,61,788,647,6497,2768
2022-04-14,1447,1574,15280,31854,729,793,7570,13872,156,170,1682,3835,144,157,1645,4855,138,150,1423,2829,215,234,2274,4883,43,47,483,1176,18,20,199,402,717,780,7709,17983
2022-04-15,5567,3234,25866,67721,2806,1630,12815,29493,601,349,2848,8155,556,323,2786,10323,532,308,2410,6016,830,482,3850,10381,166,96,818,2501,72,42,337,854,2760,1603,13050,38232
2022-04-16,1785,1208,8185,16290,899,608,4055,7094,192,130,901,1961,178,120,881,2483,170,115,762,1447,266,180,1218,2497,53,36,258,601,23,15,106,205,885,599,4129,9196
2022-04-17,27,18,126,183,13,9,62,79,2,1,13,22,2,1,13,27,2,1,11,16,4,2,18,28,0,0,3,6,0,0,1,2,13,8,63,103
2022-04-18,804,1000,8569,51728,405,504,4245,22528,86,108,943,6229,80,100,923,7885,76,95,798,4595,120,149,1275,7929,24,29,271,1911,10,13,111,652,398,495,4323,29203
2022-04-19,711,941,6507,55903,358,474,3223,24346,76,101,716,6731,71,94,700,8521,67,89,606,4966,106,140,968,8569,21,28,205,2065,9,12,84,705,352,466,3283,31560
2022-04-20,1057,1139,9222,63921,532,574,4569,27838,114,123,1015,7697,105,114,993,9744,101,108,859,5678,157,169,1372,9798,31,34,291,2361,13,14,120,806,524,564,4652,36087
2022-04-21,1157,1476,10015,59683,583,744,4961,25992,124,159,1102,7187,115,147,1078,9098,110,140,933,5302,172,220,1490,9149,34,44,316,2204,15,19,130,753,573,731,5053,33694
2022-04-22,3818,4000,17103,131383,1924,2016,8473,57219,412,432,1883,15821,381,400,1842,20028,365,382,1593,11671,569,596,2545,20140,114,119,541,4853,49,52,222,1658,1893,1983,8629,74173
2022-04-23,1334,1323,5421,32727,672,666,2685,14253,144,142,597,3941,133,132,583,4988,127,126,505,2907,199,197,806,5016,39,39,171,1209,17,17,70,413,661,656,2735,18476
2022-04-24,23,25,116,435,11,12,57,189,2,2,12,52,2,2,12,66,2,2,10,38,3,3,17,66,0,0,3,16,0,0,1,5,11,12,58,245
2022-04-25,894,1238,9054,199202,450,624,4485,86755,96,133,997,23988,89,123,975,30366,85,118,843,17696,133,184,1347,30536,26,37,286,7359,11,16,118,2514,443,613,4568,112461
2022-04-26,910,1047,7426,215498,458,527,3679,93853,98,113,817,25950,91,104,799,32851,87,99,691,19144,135,156,1105,33034,27,31,234,7961,11,13,96,2719,451,519,3746,121661
2022-04-27,1063,1140,8339,220195,535,574,4131,95898,114,123,918,26516,106,114,898,33567,101,108,776,19561,158,170,1241,33754,31,34,263,8134,13,14,108,2778,527,565,4207,124313
2022-04-28,1083,1367,9552,200316,545,689,4732,87240,116,147,1051,24122,108,136,1028,30536,103,130,889,17795,161,203,1421,30707,32,40,302,7400,14,17,124,2528,537,677,4819,113090
2022-04-29,2915,3266,16903,372048,1469,1646,8374,162033,314,352,1861,44802,291,326,1820,56715,278,311,1574,33051,435,487,2516,57032,87,97,534,13744,38,42,220,4695,1445,1619,8528,210043
2022-04-30,1270,1130,5941,75249,640,569,2943,32772,137,122,654,9061,127,113,639,11471,121,107,553,6684,189,168,884,11535,38,33,187,2779,16,14,77,949,629,560,2997,42482
2022-05-01,10,15,118,1059,5,7,58,461,1,1,12,127,1,1,12,161,0,1,10,94,1,2,17,162,0,0,3,39,0,0,1,13,4,7,59,597
2022-05-02,844,964,12683,152640,425,485,6283,66477,91,104,1396,18381,84,96,1366,23268,80,92,1181,13560,125,143,1887,23398,25,28,401,5639,11,12,165,1926,418,478,6399,86174
2022-05-03,753,975,9623,170336,379,491,4767,74184,81,105,1059,20512,75,97,1036,25966,71,93,896,15132,112,145,1432,26111,22,29,304,6292,9,12,125,2149,373,483,4855,96165
2022-05-04,924,945,8747,151840,465,476,4333,66128,99,102,963,18284,92,94,942,23146,88,90,814,13489,137,140,1302,23276,27,28,276,5609,12,12,114,1916,458,468,4413,85722
2022-05-05,54,55,440,3132,27,27,217,1364,5,5,48,377,5,5,47,477,5,5,40,278,8,8,65,480,1,1,13,115,0,0,5,39,26,27,222,1768
2022-05-06,1993,2591,15674,234659,1004,1306,7765,102197,215,279,1726,28258,199,259,1688,35771,190,247,1460,20846,297,386,2333,35971,59,77,495,8669,26,33,204,2961,988,1284,7908,132479
2022-05-07,607,752,4077,44642,305,379,2019,19442,65,81,448,5375,60,75,439,6805,58,71,379,3965,90,112,606,6843,18,22,128,1649,7,9,53,563,301,372,2057,25203
2022-05-08,14,9,79,550,7,4,39,239,1,0,8,66,1,0,8,83,1,0,7,48,2,1,11,84,0,0,2,20,0,0,1,6,6,4,39,310
2022-05-09,721,898,11264,94777,363,452,5580,41276,77,97,1240,11413,72,89,1213,14448,68,85,1049,8419,107,133,1676,14528,21,26,356,3501,9,11,146,1196,357,445,5683,53507
2022-05-10,620,831,7224,118910,312,418,3579,51787,66,89,795,14319,62,83,778,18126,59,79,673,10563,92,123,1075,18228,18,24,228,4392,8,10,94,1500,307,412,3644,67131
2022-05-11,609,915,7608,98130,306,461,3769,42737,65,98,837,11817,60,91,819,14959,58,87,708,8717,90,136,1132,15042,18,27,240,3625,7,11,99,1238,302,453,3838,55400
2022-05-12,715,932,7667,95590,360,469,3798,41631,77,100,844,11511,71,93,825,14571,68,89,714,8492,106,139,1141,14653,21,27,242,3531,9,12,99,1206,354,462,3868,53966
2022-05-13,1486,1972,10575,149810,749,994,5239,65244,160,213,1164,18040,148,197,1139,22837,142,188,985,13308,221,294,1574,22965,44,59,334,5534,19,25,137,1890,736,977,5335,84576
2022-05-14,711,748,3616,31845,358,377,1791,13869,76,80,398,3834,71,74,389,4854,67,71,336,2829,106,111,538,4881,21,22,114,1176,9,9,47,401,352,370,1824,17978
2022-05-15,15,10,71,415,7,5,35,180,1,1,7,49,1,1,7,63,1,0,6,36,2,1,10,63,0,0,2,15,0,0,0,5,7,4,35,234
2022-05-16,579,766,6833,55597,291,386,3385,24213,62,82,752,6695,57,76,736,8475,55,73,636,4939,86,114,1017,8522,17,22,216,2053,7,10,89,701,287,379,3447,31387
2022-05-17,524,687,5429,69657,264,346,2689,30336,56,74,597,8388,52,68,584,10618,50,65,505,6188,78,102,808,10678,15,20,171,2573,6,8,70,879,259,340,2739,39325
2022-05-18,536,767,5665,57461,270,386,2806,25025,57,82,623,6919,53,76,610,8759,51,73,527,5104,80,114,843,8808,16,22,179,2122,7,10,73,725,265,380,2858,32440
2022-05-19,506,848,5965,53911,255,427,2955,23479,54,91,656,6492,50,84,642,8218,48,80,555,4789,75,126,887,8264,15,25,188,1991,6,11,77,680,250,420,3009,30436
2022-05-20,1150,1922,8774,93159,579,968,4347,40572,124,207,966,11218,115,192,945,14201,109,183,817,8276,171,286,1306,14280,34,57,277,3441,15,25,114,1175,570,953,4426,52593
2022-05-21,538,786,3009,19901,271,396,1490,8667,58,84,331,2396,53,78,324,3033,51,75,280,1767,80,117,447,3050,16,23,95,735,7,10,39,251,266,389,1518,11235
2022-05-22,7,13,72,238,3,6,35,103,0,1,7,28,0,1,7,36,0,1,6,21,1,1,10,36,0,0,2,8,0,0,0,3,3,6,36,134
2022-05-23,488,761,5442,35895,245,383,2696,15632,52,82,599,4322,48,76,586,5471,46,72,507,3188,72,113,810,5502,14,22,172,1326,6,9,70,453,242,377,2745,20264
2022-05-24,423,704,4241,45373,213,354,2101,19760,45,76,467,5463,42,70,456,6916,40,67,395,4030,63,105,631,6955,12,21,134,1676,5,9,55,572,209,349,2139,25615
2022-05-25,523,959,4704,39130,263,483,2330,17041,56,103,518,4712,52,95,506,5965,50,91,438,3476,78,143,700,5998,15,28,148,1445,6,12,61,493,259,475,2373,22091
2022-05-26,606,1886,5217,36950,305,950,2584,16092,65,203,574,4449,60,188,561,5632,57,180,486,3282,90,281,776,5664,18,56,165,1365,7,24,68,466,300,935,2632,20860
2022-05-27,1268,6634,7516,65012,639,3344,3723,28313,136,716,827,7828,126,664,809,9910,121,633,700,5775,189,989,1118,9965,37,198,237,2401,16,86,97,820,628,3289,3792,36703
2022-05-28,520,3042,2631,14323,262,1533,1303,6237,56,328,289,1724,52,304,283,2183,49,290,245,1272,77,453,391,2195,15,91,83,529,6,39,34,180,257,1508,1327,8086
2022-05-29,7,23,63,205,3,11,31,89,0,2,6,24,0,2,6,31,0,2,5,18,1,3,9,31,0,0,1,7,0,0,0,2,3,11,31,115
2022-05-30,517,1499,5265,25705,260,755,2608,11194,55,161,579,3095,51,150,567,3918,49,143,490,2283,77,223,783,3940,15,44,166,949,6,19,68,324,256,743,2656,14512
2022-05-31,550,1321,4071,28189,277,665,2016,12276,59,142,448,3394,55,132,438,4297,52,126,379,2504,82,197,605,4321,16,39,128,1041,7,17,53,355,272,655,2054,15914
2022-06-01,87,458,664,2277,43,230,328,991,9,49,73,274,8,45,71,347,8,43,61,202,12,68,98,349,2,13,21,84,1,5,8,28,43,227,335,1285
2022-06-02,492,1793,6127,19251,248,903,3035,8384,53,193,674,2318,49,179,660,2934,47,171,570,1710,73,267,912,2951,14,53,193,711,6,23,79,242,243,889,3091,10868
2022-06-03,1030,6233,6624,38432,519,3142,3281,16737,111,673,729,4628,103,623,713,5858,98,595,617,3414,153,930,986,5891,30,186,209,1419,13,81,86,485,510,3090,3342,21697
2022-06-04,477,2402,2101,8675,240,1210,1040,3778,51,259,231,1044,47,240,226,1322,45,229,195,770,71,358,312,1329,14,71,66,320,6,31,27,109,236,1191,1060,4897
2022-06-05,7,23,40,97,3,11,19,42,0,2,4,11,0,2,4,14,0,2,3,8,1,3,5,14,0,0,1,3,0,0,0,1,3,11,20,54
2022-06-06,40,153,283,526,20,77,140,229,4,16,31,63,4,15,30,80,3,14,26,46,5,22,42,80,1,4,8,19,0,2,3,6,19,75,142,296
2022-06-07,369,998,3669,15585,186,503,1817,6787,39,107,404,1876,36,99,395,2375,35,95,341,1384,55,148,546,2389,11,29,116,575,4,13,47,196,182,494,1851,8798
2022-06-08,394,1563,3103,17828,198,787,1537,7764,42,168,341,2146,39,156,334,2717,37,149,289,1583,58,233,461,2732,11,46,98,658,5,20,40,224,195,775,1565,10064
2022-06-09,395,1300,2963,14369,199,655,1468,6257,42,140,326,1730,39,130,319,2190,37,124,276,1276,58,193,441,2202,11,38,93,530,5,17,38,181,195,644,1494,8112
2022-06-10,765,4518,4696,26688,385,2277,2326,11623,82,488,517,3213,76,452,505,4068,73,431,437,2370,114,674,699,4091,22,135,148,985,10,59,61,336,379,2240,2369,15066
2022-06-11,316,1644,1578,5572,159,828,781,2426,34,177,173,670,31,164,169,849,30,157,147,495,47,245,234,854,9,49,49,205,4,21,20,70,156,815,796,3145
2022-06-12,4,17,28,92,2,8,13,40,0,1,3,11,0,1,3,14,0,1,2,8,0,2,4,14,0,0,0,3,0,0,0,1,1,8,14,51
2022-06-13,322,874,2650,10972,162,440,1312,4778,34,94,291,1321,32,87,285,1672,30,83,246,974,48,130,394,1681,9,26,83,405,4,11,34,138,159,433,1337,6194
2022-06-14,306,668,2003,12640,154,336,992,5504,33,72,220,1522,30,66,215,1926,29,63,186,1122,45,99,298,1937,9,20,63,466,4,8,26,159,151,331,1010,7136
2022-06-15,301,872,2263,12431,151,439,1121,5413,32,94,249,1496,30,87,243,1895,28,83,210,1104,44,130,336,1905,9,26,71,459,3,11,29,156,149,432,1141,7018
2022-06-16,355,897,2243,10318,178,452,1111,4493,38,96,247,1242,35,89,241,1572,33,85,208,916,52,133,333,1581,10,26,70,381,4,11,29,130,176,444,1131,5825
2022-06-17,593,3077,3429,18146,298,1551,1698,7902,64,332,377,2185,59,307,369,2766,56,293,319,1612,88,459,510,2781,17,92,108,670,7,40,44,229,294,1525,1730,10244
2022-06-18,243,1205,1222,3911,122,607,605,1703,26,130,134,470,24,120,131,596,23,115,113,347,36,179,181,599,7,36,38,144,3,15,15,49,120,597,616,2207
2022-06-19,1,11,15,51,0,5,7,22,0,1,1,6,0,1,1,7,0,1,1,4,0,1,2,7,0,0,0,1,0,0,0,0,0,5,7,28
2022-06-20,248,629,2136,8040,125,317,1058,3501,26,67,235,968,24,62,230,1225,23,60,199,714,37,93,317,1232,7,18,67,297,3,8,27,101,122,311,1077,4539
2022-06-21,254,604,1791,10019,128,304,887,4363,27,65,197,1206,25,60,192,1527,24,57,166,890,37,90,266,1535,7,18,56,370,3,7,23,126,125,299,903,5656
2022-06-22,300,639,1766,9834,151,322,874,4282,32,69,194,1184,30,63,190,1499,28,61,164,873,44,95,262,1507,8,19,55,363,3,8,23,124,148,316,891,5551
2022-06-23,287,780,1940,9650,144,393,961,4202,31,84,213,1162,28,78,208,1471,27,74,180,857,42,116,288,1479,8,23,61,356,3,10,25,121,142,386,978,5448
2022-06-24,593,2396,3091,18320,298,1207,1531,7978,64,258,340,2206,59,239,332,2792,56,228,287,1627,88,357,460,2808,17,71,97,676,7,31,40,231,294,1188,1559,10342
2022-06-25,260,1104,1053,3955,131,556,521,1722,28,119,115,476,26,110,113,602,24,105,98,351,38,164,156,606,7,33,33,146,3,14,13,49,128,547,531,2232
2022-06-26,3,11,34,60,1,5,16,26,0,1,3,7,0,1,3,9,0,1,3,5,0,1,5,9,0,0,1,2,0,0,0,0,1,5,17,33
2022-06-27,259,524,2102,8325,130,264,1041,3625,27,56,231,1002,25,52,226,1269,24,50,195,739,38,78,312,1276,7,15,66,307,3,6,27,105,128,259,1060,4699
2022-06-28,233,544,1924,10143,117,274,953,4417,25,58,211,1221,23,54,207,1546,22,51,179,901,34,81,286,1554,6,16,60,374,3,7,25,128,115,269,970,5726
2022-06-29,324,663,1749,10062,163,334,866,4382,34,71,192,1211,32,66,188,1533,30,63,162,893,48,98,260,1542,9,19,55,371,4,8,22,126,160,328,882,5680
2022-06-30,283,388,1824,9987,142,195,903,4349,30,41,200,1202,28,38,196,1522,27,37,169,887,42,57,271,1530,8,11,57,368,3,5,23,126,140,192,920,5638
2022-07-01,523,1616,2902,15853,263,814,1437,6904,56,174,319,1909,52,161,312,2416,50,154,270,1408,78,241,431,2430,15,48,91,585,6,21,37,200,259,801,1464,8949
2022-07-02,273,725,1097,3774,137,365,543,1643,29,78,120,454,27,72,118,575,26,69,102,335,40,108,163,578,8,21,34,139,3,9,14,47,135,359,553,2130
2022-07-03,4,10,18,48,2,5,8,20,0,1,1,5,0,1,1,7,0,0,1,4,0,1,2,7,0,0,0,1,0,0,0,0,1,4,9,27
2022-07-04,291,481,2069,8371,146,242,1025,3645,31,51,227,1008,29,48,222,1276,27,45,192,743,43,71,307,1283,8,14,65,309,3,6,26,105,144,238,1043,4725
2022-07-05,223,443,1710,11169,112,223,847,4864,24,47,188,1344,22,44,184,1702,21,42,159,992,33,66,254,1712,6,13,54,412,2,5,22,140,110,219,862,6305
2022-07-06,300,560,1984,12810,151,282,982,5578,32,60,218,1542,30,56,213,1952,28,53,184,1138,44,83,295,1963,8,16,62,473,3,7,25,161,148,277,1001,7232
2022-07-07,319,591,2226,13587,160,297,1102,5917,34,63,245,1636,31,59,239,2071,30,56,207,1207,47,88,331,2082,9,17,70,501,4,7,29,171,158,293,1123,7670
2022-07-08,696,1409,3985,30043,350,710,1974,13084,75,152,438,3617,69,141,429,4579,66,134,371,2668,103,210,593,4605,20,42,126,1109,9,18,51,379,345,698,2010,16961
2022-07-09,298,703,1504,6922,150,354,745,3014,32,75,165,833,29,70,162,1055,28,67,140,614,44,104,223,1061,8,21,47,255,3,9,19,87,147,348,758,3907
2022-07-10,7,8,29,104,3,4,14,45,0,0,3,12,0,0,3,15,0,0,2,9,1,1,4,15,0,0,0,3,0,0,0,1,3,3,14,58
2022-07-11,357,494,2803,15422,179,249,1388,6716,38,53,308,1857,35,49,301,2350,34,47,261,1370,53,73,417,2364,10,14,88,569,4,6,36,194,177,244,1414,8706
2022-07-12,302,381,2426,20598,152,192,1201,8970,32,41,267,2480,30,38,261,3140,28,36,226,1829,45,56,361,3157,9,11,76,760,3,4,31,259,149,188,1224,11628
2022-07-13,329,456,2852,24266,165,229,1413,10568,35,49,314,2922,32,45,307,3699,31,43,265,2155,49,68,424,3719,9,13,90,896,4,5,37,306,163,226,1438,13699
2022-07-14,389,517,3221,26974,196,260,1595,11747,42,55,354,3248,38,51,346,4111,37,49,300,2396,58,77,479,4134,11,15,101,996,5,6,41,340,192,256,1625,15228
2022-07-15,800,1227,5422,59406,403,618,2686,25872,86,132,597,7153,80,122,584,9055,76,117,505,5277,119,183,807,9106,23,36,171,2194,10,16,70,749,396,608,2735,33538
2022-07-16,381,557,1932,14787,192,280,957,6439,41,60,212,1780,38,55,208,2254,36,53,180,1313,56,83,287,2266,11,16,61,546,4,7,25,186,188,276,974,8348
2022-07-17,6,5,38,206,3,2,18,89,0,0,4,24,0,0,4,31,0,0,3,18,0,0,5,31,0,0,1,7,0,0,0,2,2,2,19,116
2022-07-18,453,467,4330,61850,228,235,2145,26936,48,50,476,7448,45,46,466,9428,43,44,403,5494,67,69,644,9481,13,13,136,2284,5,6,56,780,224,231,2184,34918
2022-07-19,458,425,4016,73844,230,214,1989,32160,49,45,442,8892,45,42,432,11256,43,40,374,6560,68,63,597,11319,13,12,127,2728,5,5,52,931,227,210,2026,41689
2022-07-20,594,572,4484,81591,299,288,2221,35534,64,61,493,9825,59,57,483,12437,56,54,417,7248,88,85,667,12507,17,17,141,3014,7,7,58,1029,294,283,2262,46063
2022-07-21,616,587,4922,81514,310,295,2438,35500,66,63,542,9816,61,58,530,12426,58,56,458,7241,91,87,732,12495,18,17,155,3011,8,7,64,1028,305,291,2483,46019
2022-07-22,1330,1314,8951,166366,670,662,4434,72455,143,141,985,20034,133,131,964,25361,127,125,833,14779,198,196,1332,25502,39,39,283,6146,17,17,116,2099,659,651,4516,93923
2022-07-23,613,576,3012,44468,309,290,1492,19366,66,62,331,5354,61,57,324,6778,58,55,280,3950,91,85,448,6816,18,17,95,1642,8,7,39,561,303,285,1519,25104
2022-07-24,9,7,71,769,4,3,35,334,0,0,7,92,0,0,7,117,0,0,6,68,1,1,10,117,0,0,2,28,0,0,0,9,4,3,35,434
2022-07-25,599,520,4781,72449,301,262,2368,31552,64,56,526,8724,59,52,515,11044,57,49,445,6436,89,77,711,11106,17,15,151,2676,7,6,62,914,297,257,2412,40901
2022-07-26,463,500,3950,69858,233,252,1957,30424,50,54,435,8412,46,50,425,10649,44,47,368,6206,69,74,587,10708,13,14,124,2580,6,6,51,881,229,247,1992,39439
2022-07-27,537,406,3804,64488,270,204,1884,28085,58,43,418,7765,53,40,409,9830,51,38,354,5728,80,60,566,9885,16,12,120,2382,7,5,49,813,266,201,1919,36407
2022-07-28,522,476,3681,56571,263,239,1823,24637,56,51,405,6812,52,47,396,8623,49,45,342,5025,77,71,547,8672,15,14,116,2089,6,6,47,713,258,236,1857,31937
2022-07-29,887,959,5548,101626,447,483,2748,44259,95,103,611,12238,88,95,597,15492,84,91,516,9028,132,143,825,15578,26,28,175,3754,11,12,72,1282,439,475,2799,57374
2022-07-30,301,365,1878,27015,151,183,930,11765,32,39,206,3253,30,36,202,4118,28,34,174,2399,44,54,279,4141,9,10,59,998,3,4,24,340,149,181,947,15251
2022-08-01,494,419,3891,98349,289,251,2188,50761,58,42,348,10875,48,25,358,11009,26,31,330,8550,57,51,540,13699,7,11,97,2536,9,8,30,919,205,168,1703,47588
